200 200 400 425
81 82 41 42
162 164 13 15
6 9 197 200
96 97 162 163
68 70 59 60
9 10 33 34
169 170 82 85
197 200 143 146
60 63 53 55
21 22 110 112
143 145 134 135
97 98 43 44
86 88 19 20
177 179 143 145
81 84 150 152
195 196 169 171
50 51 118 121
95 97 41 44
72 73 9 12
135 138 30 31
1 2 194 197
193 196 176 178
122 123 184 185
138 141 11 14
137 139 36 37
57 59 118 121
170 172 187 189
117 119 65 68
62 65 63 64
99 102 91 93
5 8 154 155
46 47 60 61
49 50 145 148
198 199 29 31
50 53 92 93
31 32 98 100
61 63 79 82
176 179 79 82
86 88 130 132
64 66 68 69
85 88 180 183
64 65 101 103
30 33 2 5
175 177 89 90
62 64 108 111
187 190 35 37
166 168 71 74
11 14 37 39
3 4 94 97
2 4 62 64
190 193 42 45
86 87 46 48
68 70 120 122
6 9 172 174
196 198 53 56
94 95 97 99
48 49 191 193
31 33 85 87
134 136 14 17
114 116 142 143
29 32 94 96
102 105 175 177
191 192 178 181
116 119 25 26
29 32 52 53
17 19 12 13
14 15 66 68
129 130 170 173
123 124 144 145
110 112 113 115
166 168 187 188
51 54 137 139
46 48 14 15
9 11 106 109
59 60 184 187
157 160 117 119
29 31 187 189
60 63 64 67
149 152 183 185
57 58 126 127
13 15 135 136
7 8 45 46
73 74 89 91
122 123 63 66
193 195 138 140
122 124 73 76
136 139 156 159
5 8 129 131
107 109 37 39
51 52 71 74
65 68 44 46
52 54 88 91
57 60 64 65
59 62 88 90
180 181 179 180
41 44 147 148
37 40 66 69
180 182 57 60
48 50 105 107
133 136 40 42
140 142 74 76
13 14 54 56
141 142 123 125
80 81 197 199
69 70 8 10
35 37 191 193
62 65 43 46
181 182 88 90
197 198 165 168
41 43 133 135
71 72 51 54
118 120 85 87
49 50 163 165
148 151 138 140
173 174 107 109
108 109 55 57
88 89 143 145
123 124 106 108
27 29 158 160
42 43 149 150
188 191 62 65
48 50 189 191
165 168 36 38
148 151 153 155
135 138 163 164
195 196 33 35
101 102 131 133
124 125 113 114
140 142 96 97
97 99 68 69
118 120 103 104
197 199 22 24
32 34 166 168
65 68 46 48
67 68 177 178
118 120 101 102
143 145 20 22
76 77 192 193
114 116 107 108
47 50 23 25
97 100 128 129
104 107 131 133
69 72 99 100
142 144 27 29
8 9 81 84
82 83 128 131
125 126 42 45
137 138 22 23
40 42 135 136
65 66 157 158
48 51 9 11
69 71 12 13
73 75 109 112
149 152 2 3
103 105 31 32
157 159 42 44
67 68 175 176
78 80 69 71
55 57 117 119
113 116 111 113
181 182 196 199
68 69 163 165
1 4 145 148
114 115 71 73
153 156 193 196
16 18 134 137
198 199 158 160
31 34 106 109
104 107 89 90
191 194 171 172
184 185 33 34
39 42 58 60
27 29 24 26
76 77 115 116
49 52 155 158
119 121 128 129
57 59 100 101
75 78 21 23
127 130 133 136
28 29 50 53
199 200 40 43
3 6 148 149
116 117 39 42
199 200 16 18
16 17 81 82
108 109 1 2
182 185 58 59
122 125 43 45
3 4 34 36
154 157 176 178
178 181 167 169
23 26 127 129
81 84 198 200
105 108 58 59
120 121 68 71
70 72 94 96
71 72 169 171
55 56 172 173
9 12 119 121
65 68 146 147
156 157 186 187
125 127 71 72
155 158 100 101
140 141 99 102
63 65 57 58
84 86 177 179
58 61 96 97
194 195 165 166
141 143 69 72
156 159 156 159
26 27 187 190
88 91 111 113
157 160 105 107
171 174 34 36
188 190 88 90
37 40 71 72
86 87 30 32
142 143 190 193
69 72 70 72
169 172 126 128
4 7 178 180
181 184 47 48
41 43 100 103
97 99 132 135
33 35 133 136
185 186 161 164
112 113 115 116
21 22 165 166
28 30 54 56
9 12 189 190
5 6 97 98
9 10 46 47
148 151 54 56
4 5 135 137
34 37 138 141
116 117 159 161
118 121 130 131
71 72 111 113
91 94 164 166
183 186 169 171
99 100 49 51
70 71 87 88
38 39 162 164
101 102 27 30
6 9 155 157
183 184 124 127
94 97 109 111
102 105 85 87
173 176 26 27
136 138 50 53
183 186 72 74
173 174 122 123
167 170 18 19
175 177 157 159
197 200 113 116
66 69 178 181
109 111 129 132
99 100 59 62
58 60 27 29
86 88 175 176
35 38 159 161
104 105 33 35
147 149 59 60
182 183 65 66
84 86 158 161
35 37 113 114
173 175 78 80
33 35 64 65
89 92 23 26
109 111 185 186
94 97 21 23
70 72 65 67
169 170 115 118
57 59 12 15
155 156 143 146
164 167 7 9
11 12 142 144
37 40 190 191
171 174 97 98
129 132 149 151
152 154 130 131
173 174 39 42
157 160 56 57
73 75 175 178
29 30 103 104
152 153 142 144
97 98 142 143
198 200 170 172
197 200 118 119
37 38 150 153
90 93 40 43
17 20 110 113
61 62 60 63
41 43 29 32
191 192 61 64
55 57 97 99
116 119 90 91
6 7 89 91
45 46 195 198
85 87 16 19
75 78 50 51
91 94 75 76
92 95 85 87
104 107 72 74
12 14 128 131
91 93 145 148
140 143 151 152
39 40 26 27
24 27 179 182
83 84 123 124
141 144 187 189
166 168 103 105
131 133 12 14
95 98 2 4
51 53 53 55
172 174 142 143
100 102 51 54
142 144 183 185
119 122 117 120
176 178 43 45
137 138 169 171
176 179 140 141
61 62 175 177
193 196 158 160
34 37 85 88
109 110 0 2
125 126 67 69
99 102 15 18
95 96 54 57
129 131 81 83
175 177 70 73
23 24 45 47
47 48 86 87
93 95 181 183
174 176 56 58
181 182 53 54
177 180 126 128
125 128 154 155
100 102 44 46
145 148 174 175
16 19 74 77
42 43 159 161
166 169 58 61
63 64 186 188
116 117 98 101
69 72 21 24
175 177 37 40
13 14 48 51
195 197 127 130
49 50 117 119
26 28 20 22
88 89 193 196
70 72 89 91
130 131 47 50
60 61 128 129
37 40 36 38
157 159 61 63
22 23 50 52
47 48 57 59
141 144 83 84
114 115 181 182
63 65 51 54
53 54 34 35
15 16 70 72
20 23 66 69
160 162 47 48
58 60 153 154
23 25 197 199
119 121 139 142
192 195 4 5
152 154 1 3
56 57 190 192
157 158 193 196
165 168 148 150
106 108 145 146
156 157 42 43
40 43 110 113
146 147 182 184
9 12 91 94
4 6 34 36
72 73 5 6
146 148 16 17
86 88 157 158
199 200 193 196
105 108 68 71
30 31 99 100
114 117 21 22
122 125 134 136
109 111 140 142
71 74 115 118
80 81 142 145
65 67 71 73
174 176 46 47
110 112 198 200
192 193 182 184
125 128 100 103
178 179 104 106
52 53 177 178
171 174 166 167
165 166 154 157
1 1
1 5
1 9
1 13
1 17
1 21
1 25
1 29
1 33
1 37
1 41
1 45
1 49
1 53
1 57
1 61
1 65
1 69
1 73
1 77
1 81
1 85
1 89
1 93
1 97
4 1
4 5
4 9
4 13
4 17
4 21
4 25
4 29
4 33
4 37
4 41
4 45
4 49
4 53
4 57
4 61
4 65
4 69
4 73
4 77
4 81
4 85
4 89
4 93
4 97
7 1
7 5
7 9
7 13
7 17
7 21
7 25
7 29
7 33
7 37
7 41
7 45
7 49
7 53
7 57
7 61
7 65
7 69
7 73
7 77
7 81
7 85
7 89
7 93
7 97
10 1
10 5
10 9
10 13
10 17
10 21
10 25
10 29
10 33
10 37
10 41
10 45
10 49
10 53
10 57
10 61
10 65
10 69
10 73
10 77
10 81
10 85
10 89
10 93
10 97
13 1
13 5
13 9
13 13
13 17
13 21
13 25
13 29
13 33
13 37
13 41
13 45
13 49
13 53
13 57
13 61
13 65
13 69
13 73
13 77
13 81
13 85
13 89
13 93
13 97
16 1
16 5
16 9
16 13
16 17
16 21
16 25
16 29
16 33
16 37
16 41
16 45
16 49
16 53
16 57
16 61
16 65
16 69
16 73
16 77
16 81
16 85
16 89
16 93
16 97
19 1
19 5
19 9
19 13
19 17
19 21
19 25
19 29
19 33
19 37
19 41
19 45
19 49
19 53
19 57
19 61
19 65
19 69
19 73
19 77
19 81
19 85
19 89
19 93
19 97
22 1
22 5
22 9
22 13
22 17
22 21
22 25
22 29
22 33
22 37
22 41
22 45
22 49
22 53
22 57
22 61
22 65
22 69
22 73
22 77
22 81
22 85
22 89
22 93
22 97
25 1
25 5
25 9
25 13
25 17
25 21
25 25
25 29
25 33
25 37
25 41
25 45
25 49
25 53
25 57
25 61
25 65
25 69
25 73
25 77
25 81
25 85
25 89
25 93
25 97
28 1
28 5
28 9
28 13
28 17
28 21
28 25
28 29
28 33
28 37
28 41
28 45
28 49
28 53
28 57
28 61
28 65
28 69
28 73
28 77
28 81
28 85
28 89
28 93
28 97
31 1
31 5
31 9
31 13
31 17
31 21
31 25
31 29
31 33
31 37
31 41
31 45
31 49
31 53
31 57
31 61
31 65
31 69
31 73
31 77
31 81
31 85
31 89
31 93
31 97
34 1
34 5
34 9
34 13
34 17
34 21
34 25
34 29
34 33
34 37
34 41
34 45
34 49
34 53
34 57
34 61
34 65
34 69
34 73
34 77
34 81
34 85
34 89
34 93
34 97
37 1
37 5
37 9
37 13
37 17
37 21
37 25
37 29
37 33
37 37
37 41
37 45
37 49
37 53
37 57
37 61
37 65
37 69
37 73
37 77
37 81
37 85
37 89
37 93
37 97
40 1
40 5
40 9
40 13
40 17
40 21
40 25
40 29
40 33
40 37
40 41
40 45
40 49
40 53
40 57
40 61
40 65
40 69
40 73
40 77
40 81
40 85
40 89
40 93
40 97
43 1
43 5
43 9
43 13
43 17
43 21
43 25
43 29
43 33
43 37
43 41
43 45
43 49
43 53
43 57
43 61
43 65
43 69
43 73
43 77
43 81
43 85
43 89
43 93
43 97
46 1
46 5
46 9
46 13
46 17
46 21
46 25
46 29
46 33
46 37
46 41
46 45
46 49
46 53
46 57
46 61
46 65
46 69
46 73
46 77
46 81
46 85
46 89
46 93
46 97
49 1
49 5
49 9
49 13
49 17
49 21
49 25
49 29
49 33
49 37
49 41
49 45
49 49
49 53
49 57
49 61
49 65
49 69
49 73
49 77
49 81
49 85
49 89
49 93
49 97
