653 519
-631 -589
781 -909
409 -164
797 -765
271 -115
-622 -575
322 -863
160 513
-931 451
-163 852
347 -860
-480 -567
-460 477
-840 -217
478 -744
367 897
-840 736
627 59
344 -577
622 -305
-820 309
-680 -575
660 658
271 880
-550 811
-878 668
-886 851
797 400
-983 168
-746 -687
902 688
312 -386
800 -280
272 923
-664 -293
-145 -88
624 141
-796 169
-195 822
20 532
768 -979
761 644
861 935
689 -764
157 200
-147 364
-519 -714
875 -960
906 982
130 724
-657 616
325 -967
-285 211
-173 876
79 400
284 516
-868 -932
453 567
-744 -156
547 435
733 756
914 64
34 -89
-276 283
-289 941
483 -367
140 402
420 -423
774 -963
-227 -877
-570 129
347 856
708 457
108 -128
-514 3
-807 599
716 394
403 615
752 -401
-871 -229
-641 924
-188 -819
-926 869
-781 -771
106 8
359 569
761 -214
28 -163
125 684
471 -134
-366 -835
381 -911
-200 -754
-862 -1
63 -989
-718 828
498 119
128 -210
890 -269
448 576
-659 501
817 -428
-174 944
-819 -924
-674 982
728 694
-33 -893
241 430
965 981
-181 269
-740 -991
-687 533
271 -532
950 -563
651 305
163 -883
-612 -435
900 -895
736 -13
696 128
816 -74
-620 -331
308 600
-136 -490
-69 21
877 -636
808 685
876 -62
-749 430
-322 796
-115 -476
142 -86
552 663
484 658
-642 575
-158 -505
399 659
85 -600
-925 85
-402 -901
902 205
-276 530
-950 605
253 47
710 676
525 -547
-829 -322
-138 -533
385 793
-775 -812
-159 354
-429 324
752 -664
831 295
-452 775
-635 422
-124 471
31 -146
408 605
-875 -488
-632 -462
269 136
-714 -468
-835 -920
-44 799
-990 -219
851 -821
-514 78
-78 -123
794 888
-323 903
335 -754
962 -377
-831 -866
-495 585
-687 603
-817 325
-848 969
-750 -590
115 -794
668 817
666 -369
-943 -555
-168 800
234 111
91 425
-257 616
538 249
-580 943
-853 -815
718 890
129 998
603 401
462 -350
-245 -201
907 110
974 231
300 -172
625 -539
-471 -838
-80 525
-598 -948
601 358
-348 908
852 -87
-905 331
951 208
799 627
-173 74
-628 -961
-449 391
127 -90
945 -842
-669 -364
226 -131
752 72
303 -717
-755 -908
159 -845
-929 792
-438 -345
712 383
872 65
-511 700
293 637
-79 -978
300 644
331 -41
-910 610
-676 -348
-903 68
-940 533
589 -939
-226 -704
904 332
62 714
48 965
-413 -536
-811 241
359 715
714 -738
-487 -530
851 -473
-935 655
-790 -792
230 10
-65 681
-257 247
-449 -608
-14 132
13 -560
-807 368
-634 987
-54 -111
-535 -902
894 -562
389 -255
43 703
214 163
601 -394
448 543
12 -568
-654 -867
715 93
324 -144
-477 -165
444 505
-640 -231
-854 967
720 -508
-920 926
-601 -486
875 -96
-450 526
-793 392
892 -444
340 398
662 -857
854 63
351 639
885 846
449 517
535 -125
608 785
-783 -91
-199 917
870 995
-695 625
645 -2
220 644
504 849
-786 154
-172 464
617 -59
-577 378
-183 -946
-636 82
-39 -597
846 -824
842 -791
-313 -174
-927 -964
431 -906
74 -829
-746 509
-596 -608
-293 669
-388 820
399 -153
-9 -625
-958 270
906 578
-346 579
149 -231
975 -1000
-779 322
852 -45
-576 621
811 960
4 -701
-736 -294
-734 -797
73 400
799 -294
751 864
-890 -256
596 -61
576 595
-610 -830
800 -653
823 -982
-965 721
-309 204
-37 -38
-302 692
-904 245
531 -252
-807 -774
-33 914
226 -734
613 459
-793 776
-722 977
-163 956
694 -179
-56 237
234 -602
-831 -214
-35 -680
788 -211
-300 -217
-27 361
-426 391
490 815
-203 -24
-692 722
989 235
559 738
552 -458
54 -151
160 -220
-989 834
-319 153
-274 488
-609 -541
-890 758
457 -484
16 255
-11 -573
-374 52
972 366
-650 329
106 -679
-336 61
264 473
-311 -132
343 131
-631 925
246 -689
570 283
-333 -347
-489 868
852 28
-176 -313
630 702
154 875
-412 -585
269 -294
-897 1
-138 -896
393 913
-438 -206
-952 583
-793 -444
252 -881
172 -685
719 509
537 -994
483 128
-621 349
12 607
-948 610
340 653
278 -428
-275 334
-56 439
-144 281
-676 607
928 -120
-284 -748
-415 -558
-914 -688
-608 694
-836 -453
-841 -603
433 -111
-448 -921
946 689
-72 -152
-262 474
-997 321
691 -953
-951 -85
-149 967
399 809
710 854
-452 -718
344 571
-527 395
-938 148
835 803
182 748
-585 -668
-951 -170
-921 116
-780 -461
639 123
-20 -600
-226 488
48 -212
726 -610
-645 -231
-999 887
-381 -552
-340 640
280 -494
188 59
82 -984
494 730
-384 -581
-167 87
980 348
868 130
852 -7
486 117
685 -236
181 935
-113 -155
-166 -918
926 -475
-127 803
816 -979
-284 -427
209 422
809 -554
455 -308
-530 -864
162 -590
503 -964
473 376
875 109
949 632
256 567
-684 193
621 -271
-48 542
4 -994
-467 -685
-232 -529
874 -634
-859 -151
-431 -233
911 -780
-621 221
151 452
-554 538
-876 -198
-437 -807
519 -274
-696 -447
539 614
903 -881
-296 -380
-597 543
844 -221
-856 -560
626 -834
973 -625
133 -285
445 -167
-991 493
-43 -634
204 -219
-708 -964
370 -996
-254 756
788 543
477 -47
-127 878
613 755
21 206
-258 556
-314 -214
108 -403
839 579
-659 -211
-168 -809
478 -339
-256 -263
465 -656
-311 322
-844 -982
101 -492
762 996
501 -446
396 855
-909 -874
497 -336
18 -330
-259 -483
-84 120
-914 563
133 -558
110 -289
871 -810
-15 778
52 675
-285 -446
-727 926
399 977
107 572
15 -791
59 655
230 611
-787 -702
-273 978
-694 -405
-871 289
818 -819
595 -320
-604 90
123 650
448 -139
575 864
-283 162
788 445
342 -993
676 -948
217 127
0 -593
309 -251
-442 730
-624 280
-508 337
669 111
-640 -45
-148 -328
-896 -190
-33 866
-48 -948
-747 177
-161 757
854 849
-992 -958
251 927
111 -764
-220 368
-497 -997
-246 -620
241 -926
352 437
-241 -368
-3 -385
-115 -887
-250 -603
505 562
-614 -495
406 247
642 746
-378 -451
158 -613
-923 -18
837 -912
-545 -579
-469 -147
274 435
-261 236
-287 -588
823 824
519 105
114 -865
-366 906
-324 103
-654 14
468 541
418 737
-66 -533
580 664
-850 -882
-71 446
546 -352
350 -976
-65 198
952 -113
766 120
-910 -105
173 412
359 -725
166 49
363 -447
-207 503
637 78
994 726
-876 -180
-714 -554
-919 750
197 -158
-675 -326
356 -486
-749 285
841 -532
176 -494
-903 976
-724 901
789 -496
-32 67
858 646
-324 -595
131 612
-91 672
-896 -755
465 -149
-377 -630
-820 64
996 255
-185 -529
116 96
197 204
-17 -425
-747 -558
191 873
-345 102
-533 -566
736 139
975 407
361 -696
-304 -945
777 454
-590 222
315 12
-938 -946
721 -35
514 -408
-147 968
598 -804
87 410
250 -970
795 198
-481 102
599 247
-345 -257
887 -153
135 -947
-229 -1
132 -746
-47 -55
422 766
59 204
-504 -244
505 -530
114 -479
-701 -470
461 -184
608 222
962 -474
686 -770
-143 -980
-235 451
-359 444
-573 -546
448 790
451 534
-271 261
381 -582
263 -645
-589 485
-523 -607
637 -732
90 894
225 -533
362 -4
108 813
-748 168
-98 518
341 -607
271 -949
-819 -14
202 351
-203 -70
-415 659
246 -957
-576 -529
142 110
34 254
893 -963
-874 286
892 955
703 11
138 433
-937 -926
-436 799
-90 685
891 545
-394 -582
494 268
244 577
643 -285
302 -567
-404 -940
-234 685
-989 675
903 -717
-910 -783
-804 -890
-432 -863
-554 300
-296 260
531 -306
317 903
316 -669
921 713
-395 -20
5 -241
963 396
280 863
-320 -840
-709 181
-156 -243
-44 -847
-515 407
487 -737
-729 186
-412 -663
-308 822
342 962
714 990
-695 -407
-695 726
-95 -818
74 599
-568 -636
805 174
595 826
-252 -56
168 -151
-295 511
101 759
-245 626
600 -539
-668 -520
-183 812
-179 -941
-609 -193
712 -136
119 762
-44 -499
-157 -564
322 -165
-259 -412
-361 314
140 -85
826 -88
971 347
4 538
537 866
901 -599
-618 767
870 -416
106 -767
-289 -433
826 398
455 834
84 397
422 -994
377 915
953 432
847 32
561 -820
788 -319
-932 -186
414 -106
709 -391
-650 777
-774 836
797 -852
-186 -919
-681 714
-99 703
804 -14
482 942
245 -355
-523 47
693 -710
-968 965
-251 451
818 68
-924 728
905 -902
553 308
-427 690
-815 -79
-459 -447
-343 764
443 114
-818 349
220 970
-846 -284
915 380
-654 -586
-365 -87
563 -635
-236 -541
-168 147
-314 830
343 279
-772 -483
-819 -533
-387 891
-405 463
-90 -282
672 -51
-661 872
-442 -536
-58 916
-431 392
-442 -239
-5 -461
-916 -363
661 -299
-771 811
-593 992
-721 11
553 742
230 -209
873 -404
76 425
-98 -850
-72 671
-874 -458
-185 560
-658 457
768 53
655 -887
-48 -556
-522 133
681 796
608 688
634 -953
636 -383
-404 81
-938 830
453 604
978 -174
497 809
271 -64
-445 -393
739 470
-715 -85
-518 449
352 404
-841 769
-383 603
-887 639
-580 492
542 -896
949 782
-369 -28
220 638
438 650
-209 260
-282 -300
-579 -587
-70 -612
129 295
206 -687
-197 837
-220 -849
-28 911
342 -167
3 -391
28 -90
-894 -277
-996 -494
-119 32
-746 -660
5 -973
-416 -921
662 -118
340 371
-928 -152
-405 -610
-705 162
932 133
-686 -639
823 376
-574 -112
-185 305
63 808
-274 -93
-726 101
295 -273
-650 -852
-11 478
171 -327
911 -858
-944 954
-79 637
-963 776
911 14
-519 -161
-945 -609
758 482
63 -903
711 400
547 -696
780 822
426 -298
779 -424
861 469
-685 756
949 1
590 -957
-830 -551
220 557
243 414
-269 640
140 928
755 363
264 -245
-86 394
-986 313
402 -714
-224 799
944 -309
-859 -561
993 -338
-661 -536
254 295
942 995
922 -359
-372 731
710 203
140 -746
-579 -174
-944 354
747 89
419 -517
-145 450
-631 820
-330 -843
-271 880
-566 -472
-452 -160
373 -850
347 -102
-968 193
121 -299
-719 585
-21 338
458 528
-228 314
-211 -777
-178 33
-47 779
626 932
397 90
854 776
915 -428
-964 -583
592 732
-909 606
64 -148
121 568
572 -795
510 530
347 -651
-162 -801
927 -842
-765 -943
-136 -629
927 -572
46 -922
365 -6
-526 202
838 713
339 326
-449 476
-444 272
-226 -935
252 -168
-79 605
-808 -734
996 -261
700 -474
226 482
-758 405
-37 -446
57 -530
924 -110
882 721
663 -495
65 215
781 868
-175 225
-429 34
359 -897
255 450
-958 921
761 438
749 -596
-64 834
891 379
-45 -884
-92 459
755 123
-411 -758
-779 -941
828 -844
-795 69
989 320
-56 219
-129 -187
-345 -469
-829 -605
53 -897
696 31
494 688
-300 686
536 -524
242 -246
-193 720
-912 -88
-744 110
-905 -230
-430 132
-314 864
528 -921
-457 177
-494 -657
469 82
-61 -1000
-942 184
-836 526
768 720
-139 870
-156 -547
-549 -740
706 232
-681 -616
-779 -404
824 619
-791 392
446 779
-804 -427
-907 -640
836 -532
-466 364
163 -549
959 851
-692 -425
851 -7
-451 595
603 62
-173 -662
-683 -784
765 499
739 779
-932 -750
-755 -687
-286 505
477 668
-155 857
312 -296
701 684
855 607
-272 530
-487 -516
889 744
-396 376
-442 -325
607 -620
-175 385
-301 41
977 859
-927 625
925 789
-459 212
-92 25
-220 -778
-957 -531
-65 215
-827 -59
-863 64
62 506
412 -958
-9 586
729 449
816 -833
-801 -399
126 -460
25 -547
-317 -758
556 743
364 -641
418 483
-974 467
93 10
99 326
-749 958
480 -319
-244 -965
-345 228
46 706
7 140
226 -136
277 -271
157 673
-925 532
973 278
-710 -368
-527 -62
-988 -891
294 665
-623 -547
416 728
-432 -148
-766 -982
331 -376
983 -676
833 -677
3 -788
-671 984
-802 491
690 -594
203 629
-177 573
783 945
-285 -234
-536 245
814 -204
-323 80
-717 680
820 851
-70 418
919 -627
178 -758
138 498
-50 647
491 293
943 331
204 -715
-758 455
859 -41
