1000 1
-129 473
135 -254
476 -458
72 -905
-510 -153
-780 116
-548 -129
-671 892
-697 64
-388 699
-480 93
244 -156
326 604
250 319
986 991
-208 525
-132 889
-657 -990
42 -632
-268 -328
991 -826
-172 211
535 359
514 -908
-381 -864
598 622
195 973
-331 -566
-353 -768
-139 857
603 -852
674 -429
700 248
446 668
-892 996
131 -609
-14 886
994 953
-177 413
-720 230
-89 207
-227 -407
-896 648
524 -301
-816 913
646 -579
-826 -36
765 -396
-394 -614
182 -773
672 63
424 -901
611 -764
763 -814
945 778
-834 -527
-396 172
570 -127
608 283
-697 634
444 935
95 -174
-281 418
928 736
879 363
-226 -198
-909 -89
325 -785
157 796
-950 296
652 -407
457 -816
670 -966
472 880
145 107
-262 -996
860 -297
964 -506
-690 956
624 418
-319 288
-461 -109
-904 519
-385 -186
773 383
-603 -330
-775 732
-835 860
11 -737
453 -942
-635 -188
-753 -667
-779 -34
-566 -482
-336 348
-228 217
-336 554
398 782
-482 -37
980 -275
711 -508
701 -702
-208 309
608 -505
988 691
-828 73
906 88
672 945
682 597
-487 -399
-985 96
434 151
-554 151
407 -128
533 -398
117 -954
-738 -901
795 860
-646 947
-35 -172
-843 286
5 -203
306 46
-656 -32
390 41
-525 225
-81 -310
654 -914
718 -274
-498 -780
-380 -706
-53 -132
-818 224
136 541
913 -506
-347 712
-414 889
-582 314
543 872
449 931
534 360
434 -383
-305 818
-551 741
66 -272
-178 -469
885 438
176 -980
762 391
-875 536
215 540
-566 988
-23 803
-258 -696
-281 -824
296 -699
51 330
378 -518
-313 -257
85 893
-997 -203
785 -664
902 -59
-555 -367
601 284
-863 -837
175 -312
-70 805
130 -125
553 -316
-278 285
14 926
-858 -14
65 218
619 -598
770 -651
524 -854
-19 785
326 389
949 330
32 803
-631 -637
477 398
887 -336
536 783
334 697
418 -904
-849 -982
785 369
803 -734
-292 43
428 553
712 757
947 -20
-290 966
720 669
73 576
466 434
825 578
185 294
657 225
617 -563
202 -847
-101 -156
-939 617
1000 -707
110 -24
168 -731
-702 -566
-689 586
-980 -666
563 664
-771 10
-83 -399
235 628
43 -617
-330 774
744 -217
-782 -990
80 -776
342 666
-960 279
349 -573
112 46
-45 253
178 749
-195 916
742 637
97 -190
-349 256
379 -727
154 -148
321 -678
907 -273
140 705
-117 -510
726 -907
552 -323
-822 912
-28 42
869 -909
468 316
331 611
525 -244
-797 132
-881 160
631 -709
-902 -226
181 913
491 -187
300 -421
-38 157
-837 427
-352 -352
333 872
-493 -319
-928 -255
214 -135
-211 563
772 -892
584 817
-9 -561
616 158
-90 -947
-291 245
788 64
-16 714
971 663
121 -268
968 -56
602 423
743 -168
870 791
-312 -970
-288 -511
348 555
649 390
707 -407
-359 -987
199 141
890 -636
819 -441
995 -285
-305 613
571 671
-788 674
-76 -741
1 730
-805 218
-725 755
-709 481
-810 862
-601 -451
-525 -426
-954 294
998 798
-75 -268
-943 -781
-948 -680
-898 73
-80 838
-588 532
380 -443
391 -260
837 -191
593 -548
124 -715
-931 179
320 741
-62 960
496 -912
-102 -527
977 436
-60 -115
798 909
-776 998
599 -532
-602 -482
500 -372
-358 -531
807 527
-164 327
325 628
411 -901
348 11
584 513
-533 368
341 349
-207 -740
-217 -912
617 -908
713 123
259 397
28 -318
-385 170
-725 173
-219 743
549 699
-862 -187
-994 884
-721 -175
-380 807
-612 -689
-165 -745
328 189
-444 -410
780 742
878 659
-586 -183
-877 -311
-759 229
-939 -106
798 -932
702 -398
914 219
-532 -88
559 518
-769 -193
-718 -839
-505 214
-575 -559
711 182
542 -584
255 -794
81 -692
785 931
165 -131
364 -380
525 859
175 -327
-666 -398
-527 -22
366 -972
-347 559
428 -580
-941 934
702 688
-985 -965
-288 75
97 565
-654 -967
-80 -262
210 48
-672 -279
645 -324
11 -759
-825 471
-840 -122
856 -481
-590 914
508 -541
-915 -4
-454 261
939 299
416 -161
102 -987
-496 -375
822 574
686 61
181 970
326 -144
-672 994
353 -541
-30 -973
380 79
-29 415
-499 449
-409 308
221 -737
-210 -395
-337 565
-430 -300
375 245
-943 -702
-360 -212
-35 -672
-114 -856
-871 174
-69 -516
60 -415
-643 167
-890 -329
-434 -120
911 417
-79 -302
255 99
-568 156
434 277
497 520
974 260
-543 938
-303 -929
135 670
465 -406
-957 917
-363 510
-47 -759
-822 -877
119 -996
950 266
417 -609
566 -481
254 815
185 920
-279 874
-985 954
183 -53
-788 -706
115 847
-259 267
-813 544
-238 -736
-960 -24
794 -286
-982 -362
706 372
-808 761
-300 -999
119 -597
635 767
-202 452
608 295
166 -914
-646 -688
-687 -937
-117 -737
861 -152
-412 -376
593 313
-115 430
-341 -909
-913 757
869 -789
113 -637
236 576
-322 35
-214 479
65 -964
-41 -740
-725 114
-213 390
859 849
593 -94
408 -230
43 291
-902 926
973 211
-551 -710
663 112
519 -347
-382 389
-809 -901
-420 884
-672 807
574 -482
8 -965
586 -41
-319 -169
299 -876
-694 407
-715 274
-598 678
210 -344
-144 981
814 -993
958 411
-414 -449
-87 40
-613 -891
-179 939
103 -197
396 -267
-212 -472
-77 -399
956 -890
-395 -227
-997 132
276 949
435 -261
-595 429
684 702
-178 326
600 212
602 -800
-875 -617
169 -159
-682 980
-151 658
-151 137
886 -29
-563 10
-552 331
-856 -136
-872 -166
136 215
-506 -849
845 -316
-845 -768
-129 376
428 -249
-884 -990
300 -803
500 -318
-17 -662
471 -100
771 -717
-179 -500
560 -590
532 -701
398 -838
260 -487
-416 -774
-625 -592
-449 233
-834 751
-493 181
894 -787
362 27
581 -459
902 -672
-992 182
771 -3
493 997
-13 610
704 881
-117 105
556 620
862 171
206 -981
-253 -312
-948 -36
974 541
969 -367
224 -354
-571 -924
380 541
-300 -461
171 484
-376 121
-309 -183
354 -632
420 -211
-509 -364
101 112
172 242
627 -670
-590 -879
-572 -11
539 623
-531 186
156 476
127 943
-20 -520
432 -519
927 -408
101 221
-794 -892
486 695
685 -591
53 -648
794 96
-611 -133
-178 305
939 128
-419 608
-342 -973
-399 254
-887 985
-397 -475
695 306
897 179
336 954
56 -602
-120 274
-620 627
-587 545
603 -276
-358 -443
-273 -598
551 933
-343 -955
933 795
-932 -162
638 -124
-814 -21
-17 -157
-882 895
-737 -298
-894 -824
728 -919
479 -360
250 662
783 104
573 790
-371 -733
-714 -591
173 798
-251 157
477 511
-971 -85
-981 932
-983 -12
276 -480
-707 -685
-990 -414
279 -489
-726 768
481 -468
809 188
-300 224
-501 977
-846 505
367 -511
-528 738
478 522
633 -100
552 370
-758 -58
141 917
-996 393
-31 -946
600 -350
-52 -613
-534 -757
342 -635
725 824
-565 846
-603 158
-587 324
-564 -220
824 222
607 646
542 753
-728 2
568 -218
324 -872
638 -179
140 -704
-12 -837
406 414
-903 141
-838 -955
156 -343
104 -322
-90 112
-585 527
288 -115
-377 494
-953 777
218 -498
780 -79
-713 -148
-778 -142
-915 -445
323 -857
312 842
-805 696
-404 777
-843 -588
894 365
826 139
-49 -515
673 314
616 533
-611 185
231 99
144 -971
862 218
232 -168
831 399
910 -293
-981 251
-578 -86
284 -806
-283 730
-930 950
-748 -457
324 -26
-773 368
-794 418
-755 224
-611 244
496 -955
-880 -306
649 -841
851 -321
-656 828
786 464
350 -396
-853 -296
-292 -275
298 679
-66 256
-15 -283
-566 126
-838 -984
-470 962
641 -637
594 121
973 -409
790 -87
278 458
845 -175
785 -772
-872 -624
196 -990
-857 110
-627 -851
-835 -248
974 27
719 981
-222 491
52 76
574 -89
479 -1
278 500
10 407
-614 125
238 -923
-183 -314
645 808
488 818
411 -178
-417 -97
496 97
923 -116
636 447
-508 860
-711 440
40 -598
227 -792
-559 -707
-131 34
755 485
887 581
-875 -124
-288 740
658 147
-937 315
426 319
23 -335
-17 415
-757 149
-607 -593
206 263
281 787
298 281
-788 832
501 -561
-385 772
-528 950
-58 297
-87 -446
-32 548
-7 671
-630 488
880 -346
-277 374
818 -838
339 -954
-544 -925
-295 74
653 232
-36 -106
853 838
-176 -668
-367 824
-444 -403
-204 -406
474 954
-308 -142
-188 -601
23 520
620 -558
831 -989
791 522
756 -321
606 945
141 865
772 -777
738 478
-951 -525
44 -123
-27 883
-708 56
-39 690
411 875
-236 751
-526 416
609 490
-116 -101
256 -400
-42 -825
485 -253
212 -121
851 337
-339 311
-641 561
-477 -242
999 -762
-463 678
500 -491
732 752
-928 -678
478 -905
177 -548
-538 -691
538 120
-384 203
966 -370
609 -24
30 -717
-276 -447
740 109
-545 -866
-988 -165
-363 -892
-67 -221
-146 298
810 -146
-775 608
353 -940
301 392
781 -715
221 -328
410 -934
-166 -181
-932 767
110 -43
-678 48
225 -509
395 80
436 666
486 -878
438 -147
-928 430
-774 -320
-39 686
-411 -658
644 409
800 -578
-759 -738
-523 94
196 814
36 -328
-905 699
-788 47
397 129
762 114
-966 -236
-653 708
616 753
392 587
732 -572
-533 340
-839 -812
-212 343
660 -553
736 341
404 443
999 -310
807 -311
602 799
826 705
-577 983
-371 -904
-76 817
-89 -883
-60 -465
156 -184
335 -960
985 -110
-722 968
-715 190
385 748
909 -237
-201 -396
659 -293
651 -844
573 -874
36 469
906 515
-91 -493
-610 -643
666 -908
-992 852
-486 -856
-556 456
44 338
-598 627
-879 -931
-764 -978
372 -914
-313 -613
747 -250
638 219
196 497
-857 -867
-895 375
-630 356
787 211
-676 506
-376 709
-860 604
-625 -851
-402 -393
-830 522
-954 524
-400 -112
264 497
11 -952
-271 322
-104 590
398 -586
-448 817
-950 481
774 -322
-880 -880
794 -910
325 850
-314 224
-658 217
-291 -545
315 -891
551 -601
382 -437
18 217
607 -565
-553 173
-844 651
840 -616
393 -789
791 786
-153 232
71 5
53 -126
910 441
-397 -384
179 -998
-189 -519
107 615
620 -875
-664 -640
-439 -895
751 678
-178 207
128 900
990 -787
-136 -924
383 463
942 659
807 -234
271 762
284 -425
-856 972
-266 445
406 -716
-573 -116
-786 799
147 48
-531 617
442 933
