1000 1000
-184 402
590 -350
-240 949
-28 -995
901 -709
228 -865
-771 861
-545 -734
643 -978
499 199
-817 358
211 877
143 -220
-568 932
-724 -357
-527 305
347 -634
286 848
184 -706
-821 -793
-907 341
-594 -626
-850 971
-969 933
191 -559
-511 894
-505 36
75 -988
749 409
800 113
-545 -771
376 -983
549 -927
-849 -30
515 710
842 -805
-344 451
130 889
-254 -249
-115 -954
-592 -300
87 -61
502 -222
164 889
-645 -455
-384 -792
226 850
718 -278
-688 -824
330 -320
428 -140
-81 -916
-734 639
567 878
-618 268
-422 217
-91 -276
-234 -819
-620 969
10 -504
684 -498
-834 -935
-875 -723
-747 -612
-137 -319
597 642
-895 814
468 -51
-140 94
893 757
-582 -255
-112 155
292 755
-701 967
68 -319
-342 -409
-153 541
42 -688
402 -55
-914 -160
437 300
-647 358
643 52
309 497
-110 162
-573 -509
-936 385
368 -652
290 -650
-68 998
-195 -416
-508 687
-353 270
-408 984
267 811
-53 390
306 307
-852 -597
-879 820
395 -585
312 23
-699 -808
212 907
-788 -232
601 -846
675 -151
819 -517
-105 744
844 80
25 -176
642 370
-313 573
532 473
506 -631
-252 -497
236 666
910 -813
-157 322
-235 585
-398 932
-276 -121
-371 -448
758 -459
762 56
-258 -526
-536 460
-956 638
585 75
-909 305
658 -126
707 821
-765 -15
-528 630
-633 980
380 -685
201 551
23 887
583 517
8 949
676 -436
-261 -297
992 905
-163 -974
363 988
725 629
184 -416
593 280
360 -434
288 408
531 967
-835 772
411 431
-388 662
-867 543
632 889
164 -365
-960 -587
-190 296
-123 -278
-497 -999
57 722
912 -139
339 792
-396 366
-178 450
920 -844
375 496
-732 819
274 -425
-970 -475
-400 -282
900 537
-204 -418
668 -785
130 -289
403 443
-339 -221
371 -121
992 759
424 659
975 606
315 -420
782 363
282 491
-648 411
-800 146
720 -670
928 46
215 308
248 -226
-36 -146
867 -298
-568 -685
-909 -182
-873 109
-797 728
985 -744
-811 -923
883 -732
206 -197
-59 -649
581 284
502 -707
-360 240
-928 -548
-386 509
-426 80
-159 -422
-67 652
853 -600
612 -635
336 416
160 453
-284 443
398 -723
85 -155
467 -970
240 656
-558 -742
463 834
172 -12
157 554
690 -259
804 786
-771 -655
-340 -829
92 934
-223 826
98 -615
133 605
19 816
-64 896
-533 -525
-307 917
1 673
-414 920
456 9
-149 -244
998 206
-495 -973
-952 -953
47 164
484 -255
-326 -889
105 795
-22 931
696 -172
-926 -289
23 -584
699 -861
-612 433
-937 -971
-711 43
107 -588
588 873
-432 821
293 -508
611 208
476 181
-526 573
27 -546
-861 928
-456 283
-550 647
-891 -262
-894 368
637 184
-397 633
-535 544
506 -18
550 -674
-661 -428
-754 -847
-383 -584
-700 358
-471 -340
46 -50
45 -72
-39 812
615 -302
399 -538
-735 262
-649 594
378 717
-939 516
-378 -457
656 248
704 916
-982 289
-659 -398
945 -190
-392 57
-881 591
941 -267
-687 -418
-585 -750
406 387
604 634
931 -831
-547 347
370 256
60 603
-346 -839
43 -330
733 162
-712 -631
-57 -362
77 497
-341 780
390 -722
-735 703
633 -601
-811 -906
746 -89
704 831
-871 -745
-32 702
409 647
774 -752
-186 858
-344 -525
924 215
5 143
-868 729
857 719
-909 14
872 -464
287 -65
-203 889
-44 -543
138 -766
-580 -863
-582 494
-656 154
-464 -629
-988 -432
-785 -675
-793 -978
-170 -424
508 -77
-907 962
686 917
878 31
218 -599
-231 663
-768 853
-242 -235
-974 -885
502 749
338 -602
779 93
-518 983
737 519
-805 407
66 -625
317 111
-811 616
-731 170
444 852
-119 695
-219 -461
677 178
283 766
151 488
-281 -925
787 671
870 538
-699 816
513 -13
369 272
-23 -388
-897 926
-256 -536
-460 846
785 -429
11 931
-191 332
780 607
-678 22
853 -27
-416 -5
-854 -665
971 -683
-178 314
-664 467
-137 -669
461 188
-234 927
779 -494
419 -188
-841 727
-841 587
185 231
651 -643
162 788
495 216
-948 56
-628 -561
441 338
-576 -704
-328 -219
859 742
-105 -509
224 459
204 209
200 -850
-934 -246
229 -963
929 -926
-571 -185
-550 232
-290 -519
503 290
832 -57
374 -208
491 -893
-651 -586
-787 -736
712 806
394 551
-851 -443
-78 301
-368 966
484 -823
835 110
904 287
666 762
-137 866
381 628
114 -953
57 419
-32 608
366 244
970 237
-787 146
-181 821
888 -921
-540 -438
-164 988
368 451
955 -364
-574 -101
626 -555
-215 317
-390 270
905 -50
-244 -11
561 -204
-691 287
415 721
-43 658
753 366
-37 919
929 292
138 -605
307 -759
-576 845
-310 -13
-784 759
-915 167
-848 -69
-29 -500
-852 377
119 -693
-985 155
-301 -403
295 -813
969 -66
805 -966
140 -459
-665 522
-666 -114
988 -138
-232 -470
372 622
-774 -900
758 -215
38 -195
575 -717
-81 964
616 -470
792 338
-322 -533
387 -114
-563 -344
-544 391
-47 -864
-412 401
668 -384
81 668
-384 -369
377 18
834 -824
952 440
737 -329
-437 -49
-915 -633
98 -105
-804 -749
-308 -277
-273 151
820 -568
615 -422
-112 278
-842 -820
-920 -827
365 609
-382 -749
-104 440
235 996
-123 120
-83 397
16 -364
-158 -753
132 798
-521 -347
718 232
642 827
645 763
-220 949
326 195
-799 -38
-142 274
114 -575
-688 -132
309 -155
475 -278
-395 -675
765 -518
-992 434
-257 873
-53 119
680 -203
-422 -537
280 364
440 64
589 -419
-948 492
70 -706
675 -416
-956 -383
-116 -895
-130 -508
319 -599
-739 -406
677 -304
-298 907
329 231
-89 -728
769 239
-779 813
-541 -534
642 -862
172 -794
-210 799
765 650
798 -119
-847 -599
317 -740
-191 268
-707 -997
-351 915
-280 591
-637 -422
69 -616
758 490
702 -38
-275 412
611 -813
944 531
-137 -895
-751 -146
-573 7
-903 952
-858 -596
216 -59
211 743
-737 803
-115 -115
-457 794
-357 -246
887 -208
507 -671
686 -532
656 -663
-514 -514
201 -154
-771 864
-383 -883
12 0
666 -243
-273 -511
-920 444
223 -869
-953 -984
415 -506
-589 -607
208 99
115 -473
187 848
-654 897
-813 -446
-760 931
695 456
-144 491
-303 175
299 928
-782 -764
-187 806
87 -542
-577 924
-439 203
109 -546
124 -123
138 861
607 -167
881 725
589 827
-337 701
938 171
-839 546
498 917
-756 -586
-951 55
-888 490
69 -302
142 -330
936 67
826 -229
-515 844
-635 -235
341 -45
-742 -277
269 -585
-913 664
677 818
923 137
-159 -82
-215 -601
-826 185
402 266
-125 -596
-483 662
-327 130
-880 -150
756 267
75 961
929 -48
-644 -893
108 677
-626 66
974 -610
-273 777
-273 495
-970 -41
-352 358
783 -839
36 -831
340 -581
941 -370
-250 239
-947 -267
-339 605
127 580
37 -77
592 599
-393 -497
-117 172
-886 -1000
-649 -443
600 -964
210 708
-358 23
370 -410
-99 63
85 614
655 509
969 -144
-393 680
303 95
787 787
562 -424
-182 752
-367 144
746 -252
342 -768
482 809
279 -815
160 -679
465 -38
283 986
-270 -647
892 983
48 51
457 283
-408 -567
-530 -294
127 -741
798 -228
-413 520
255 18
397 -253
-858 -549
-416 -689
-258 931
253 -467
-407 -936
972 451
576 -593
329 985
830 450
-673 -533
-541 291
325 -2
-391 497
150 950
958 -38
239 -2
11 -466
-844 -870
240 -275
81 112
785 -595
83 -89
-810 -651
-618 -330
486 515
93 772
-867 242
126 386
905 -653
271 267
-95 478
-387 -563
-204 -914
411 -516
661 -208
-169 534
-855 -707
-204 -284
-276 -871
370 987
-809 870
-164 516
-434 -927
-336 -69
788 708
-15 -984
508 -46
333 -196
-865 936
-213 -992
-155 -802
-126 101
132 1
-451 178
98 363
688 498
-416 321
-278 -602
488 547
-596 -958
-35 181
-364 418
783 -125
-606 687
163 -78
212 100
707 9
209 704
-128 -197
-879 95
-618 -906
-332 -533
312 104
-920 184
714 841
104 35
-576 -924
590 -62
-4 665
-379 -13
-761 -503
981 -527
540 836
-462 -823
-126 585
805 872
-374 42
340 650
979 14
822 -149
786 -237
559 708
-699 -777
-181 371
-456 669
943 55
-361 541
889 615
-314 409
-575 -452
538 -578
-457 -314
602 -269
-776 -400
-264 845
548 305
-584 -819
40 -996
505 51
-977 -773
483 990
311 -788
402 -351
-257 -634
-741 292
842 -83
-389 -567
593 -23
-210 613
471 -571
119 -413
-465 270
-432 636
197 245
830 -101
-522 -209
-357 186
-815 683
-862 193
-30 933
-713 -36
266 -228
-760 493
116 467
-483 307
186 -78
532 445
-236 -345
-826 295
377 -614
-64 910
-429 -720
49 921
-76 -86
814 -107
25 563
-878 -39
-266 -588
671 -718
245 -33
894 -921
458 235
-92 186
-594 20
-702 340
-570 495
-829 664
-467 443
-456 983
789 803
-682 -422
-791 659
-153 -510
588 -994
423 -67
339 516
-564 -749
-417 -859
-221 -530
8 -853
516 406
141 -576
179 912
39 469
276 652
39 -90
524 680
-698 -949
-632 -617
530 -839
-941 -681
-856 869
-452 624
-720 206
-589 -115
-489 441
-507 125
-431 892
190 659
-268 15
-73 557
-572 -930
12 -79
225 219
-124 -222
-590 420
-900 -896
-659 -187
-160 -270
-225 -63
407 -357
-53 -812
555 438
835 -110
-518 -826
328 -278
806 333
168 678
-692 422
906 -84
130 74
-218 -769
170 331
-834 -792
969 -6
-729 -794
-227 36
32 -203
796 -245
708 -512
-464 -839
452 546
-354 121
-186 15
426 992
-327 221
-295 674
139 433
-749 879
-86 -286
130 305
-903 -772
802 40
98 -379
-412 628
654 -60
501 125
-126 518
-366 270
-521 523
168 -875
-744 -459
260 416
912 -649
-730 376
-312 167
933 -990
-604 451
-899 -50
-896 84
146 -453
-142 752
-516 704
-313 960
812 -5
872 194
727 498
-323 -452
137 236
-665 395
-748 -206
-145 -616
631 168
240 29
-489 867
355 -663
668 523
-443 957
-120 -192
-326 66
751 768
100 -283
-19 68
586 -583
132 -351
322 323
771 -879
720 23
-99 -858
435 351
345 149
717 475
-262 -711
763 -430
-498 564
-223 675
180 167
404 -730
53 -147
-474 52
111 -829
410 399
-423 998
-703 -697
112 -3
-545 -38
-249 443
-601 415
-647 632
868 559
932 837
163 999
-303 464
-769 253
566 855
234 269
124 -266
-773 763
-950 288
-109 9
819 394
-354 650
171 742
-2 -897
226 10
510 -907
-611 935
273 -671
-167 -27
-740 -994
670 82
863 -921
841 -621
706 -948
-947 -230
-853 -648
-434 114
-291 237
351 301
-306 940
-231 -906
-764 296
-354 131
749 -847
576 -851
-161 618
-155 750
-131 -75
78 958
-513 -373
-875 -223
-171 -885
-190 -450
150 -235
75 -800
186 -937
853 -279
-74 -883
727 655
439 244
-862 -70
-904 155
-471 -869
-345 -825
-916 985
-876 -645
-492 -104
-307 948
0 -626
768 454
-101 -712
484 -460
-950 -732
-255 -121
633 -206
-205 -401
-712 -432
-979 369
672 -860
352 384
-72 -643
98 702
-790 79
-671 -61
-884 -960
696 536
647 842
-214 761
432 300
852 -864
-405 410
-687 -70
-765 -658
799 446
-578 -487
-271 504
359 467
-35 -905
-273 -49
-875 -292
589 459
-531 -871
675 -98
-509 740
-765 -972
771 -594
315 909
-696 -629
-916 146
-464 261
918 765
691 -837
125 239
-462 45
29 -947
30 -477
-936 54
-25 -354
673 882
-178 -596
814 389
-438 -740
-29 402
47 430
-974 -735
197 -228
-564 936
-163 204
-228 -171
-143 196
116 627
183 585
-122 -431
-312 -79
866 -33
298 627
-495 223
-918 -349
-95 876
384 -194
-623 -679
696 -51
767 252
-631 568
457 -589
-723 -517
-451 342
-792 583
-554 15
615 831
-753 -176
961 785
-306 642
-937 -93
-304 -319
-924 -828
268 217
658 -982
696 -69
929 317
-951 819
968 -164
252 450
877 715
-402 790
82 -339
-452 3
-617 -767
-659 -815
639 -176
406 -807
-36 638
-228 851
-406 381
-475 -893
-309 109
441 115
-407 -193
-14 909
-473 -556
360 538
547 -219
627 -366
764 -674
649 -83
554 -809
24 569
924 368
-416 -209
-646 -457
819 -797
-220 673
826 -157
559 545
439 -379
-937 622
567 476
-929 -61
-528 560
-112 207
509 912
-178 981
223 897
-681 -169
-342 -377
-789 401
870 -973
-533 -504
745 661
782 989
777 -125
-536 -344
705 -147
-825 -99
-227 129
-224 -462
-483 -721
496 432
867 -713
797 -751
-879 -243
281 186
877 -5
158 -310
461 -686
424 311
-862 -77
964 183
-167 -462
-804 -386
-566 -728
-254 -481
268 397
272 -817
594 266
-690 213
-489 497
572 471
791 -697
-237 -671
843 -120
778 498
-900 385
-135 204
158 946
-463 16
-136 -134
305 -936
-193 573
-860 594
-256 895
763 -225
498 -890
-51 -142
-146 938
-38 -423
-868 -991
791 625
892 727
-331 404
-198 809
795 -598
967 354
28 -253
-749 850
-88 676
-183 -770
837 -480
805 873
559 159
980 -79
-987 878
-551 69
-712 277
979 -229
-770 -729
318 -768
75 -376
870 300
-317 -396
-535 381
212 -185
-186 483
-891 -440
862 733
-311 -264
-444 -103
772 -380
116 940
391 -894
-329 -467
-990 -344
-908 786
868 959
-199 215
641 272
995 51
712 670
-767 -544
677 739
411 -196
-515 215
-671 461
-883 968
-439 861
842 -111
-100 -924
-543 -797
620 -725
-278 875
496 -70
-189 -584
109 -933
622 -242
-650 -999
827 875
233 504
504 673
546 -913
169 -745
-770 732
609 555
-203 801
-748 -601
-721 -979
332 -864
-894 288
-589 597
209 -216
-624 340
674 582
-671 -35
-463 -168
-642 -101
67 594
-308 -446
-128 -710
-135 -364
198 -834
-533 316
-216 -200
-985 846
-755 -115
271 -543
-284 -670
-229 152
868 -278
-313 416
-25 -712
151 0
-990 -471
-542 -992
-184 851
-246 489
-115 665
441 407
-47 330
-644 -340
57 999
405 -85
-812 377
755 -126
433 854
388 -310
37 -183
-731 818
-124 792
-103 -648
-538 16
-902 -583
595 118
-199 -277
84 -326
-215 -350
-798 -925
-989 350
354 -739
600 238
164 -478
170 -674
892 -561
391 -610
175 -563
-934 296
249 223
976 34
986 -530
68 252
-146 4
-557 952
875 323
839 240
-918 558
-730 -304
-820 286
-881 -352
-190 -287
-690 -286
124 125
-927 -168
-290 -568
-21 -365
105 525
295 -66
-897 -550
776 254
273 -44
-833 -101
-594 455
-245 715
-276 -629
-756 -294
474 971
-555 935
-362 -385
-361 -944
-581 -404
677 42
480 -816
582 791
160 -357
-876 -31
893 940
-141 -20
540 459
-147 130
393 383
-394 -170
714 -522
763 600
212 -953
246 486
296 920
-689 145
-572 329
910 -682
618 -950
282 -36
-974 -382
283 -281
-835 935
586 857
681 -32
-692 -780
735 804
-923 -468
71 -440
-20 -927
747 -261
-177 -276
-990 105
454 -880
419 -512
457 -185
446 -253
-325 745
-22 -516
-905 351
493 -403
-351 980
-691 -657
627 -55
-455 54
-871 587
963 633
650 215
977 -781
492 800
-579 926
-684 -957
590 331
-899 372
-127 -268
-335 614
550 -901
856 -448
475 766
-549 -101
823 -213
691 -121
-230 560
646 354
273 464
-616 -624
-176 -292
-660 670
354 941
220 494
-724 724
-698 214
-248 919
96 -645
-250 -781
-30 -200
535 623
507 385
197 -243
-60 500
511 664
-564 -102
638 825
980 -149
-843 649
279 -645
468 228
-781 -62
945 192
4 780
-218 -690
112 50
573 -596
-52 641
-138 358
-960 -216
865 -99
-76 -308
-849 376
-826 -560
-360 -211
799 404
-749 804
-713 -523
-558 -599
-572 752
-42 -138
302 -747
634 -889
493 -422
228 -64
242 570
-655 231
159 308
717 501
-521 928
-686 508
-70 -360
204 -991
645 -308
-41 793
584 -210
619 -524
-617 701
-743 977
-401 43
468 249
-48 895
240 288
975 360
-575 -220
363 194
630 -439
276 -957
574 917
71 427
894 153
-855 -945
-279 -97
895 285
127 413
-402 -98
-460 851
413 -448
-263 583
-632 150
853 -652
-546 -755
698 -308
851 -255
876 -114
109 -60
-300 -253
-634 753
-577 487
-956 50
-734 41
54 453
454 554
-741 38
41 638
-363 716
810 -749
747 959
269 -765
-655 -753
614 -720
561 -763
-328 782
520 942
-64 -418
-146 422
-16 118
-852 -52
326 -598
875 391
-731 -658
-816 -179
-286 -329
-61 950
-828 960
237 258
-904 -873
796 -856
-19 39
776 300
-778 -881
368 -902
-127 35
187 82
18 566
90 609
604 -949
80 853
-324 671
-119 520
262 930
958 -643
-226 79
619 221
-474 -461
976 143
223 -300
79 -221
349 -146
940 -932
-675 358
-809 804
-909 -887
806 322
-669 -704
744 -574
494 662
-287 47
225 163
801 -4
30 16
-377 -283
-433 398
15 -101
-424 145
-175 -988
-320 971
928 -420
317 -571
561 1000
616 -116
-864 -170
934 509
305 -256
-418 417
961 -576
-280 793
-462 717
320 -179
-157 -326
-280 191
-265 -920
-411 55
-638 15
-6 -42
216 -129
-902 805
366 981
940 740
-594 -218
925 -764
529 -929
-492 872
89 -862
-724 -935
-648 -105
-335 481
-965 -2
-423 -7
-248 851
-581 -936
254 785
-573 -678
-604 -226
-218 -835
-413 671
-252 -87
912 -519
-630 689
582 259
-868 783
-500 -256
-646 -127
-833 -545
-694 417
599 245
-267 652
-463 748
-185 -37
-844 253
-911 351
-891 351
617 -865
-505 -703
434 -872
-350 786
191 -59
-804 -858
802 320
-731 -50
-119 -769
-845 -964
-489 93
38 131
33 -709
694 708
486 737
197 226
282 352
-652 789
821 -51
897 -612
406 673
-342 -407
875 781
-253 968
-539 -359
620 -787
-910 745
-937 788
459 749
-578 -574
-462 842
-957 94
107 794
176 466
646 -103
-340 29
-258 515
-176 -263
103 -531
-612 -497
938 -913
555 -192
66 -904
75 -64
-430 122
300 469
342 540
629 354
-51 611
940 982
-707 -687
196 -752
150 -758
-780 670
-861 -120
523 -43
589 901
261 553
488 139
-774 -385
-180 920
-518 684
927 912
-702 868
-924 -242
99 -693
996 -156
388 -345
-67 -517
222 -124
229 -944
-63 -105
270 -635
-877 -212
-432 -751
5 2
555 -194
-648 -781
850 -126
880 -399
-771 -754
-805 710
-583 31
584 882
-946 -336
-127 -346
-338 306
-868 -711
-356 -914
758 -891
538 832
195 -155
302 -29
564 -193
-972 -473
-856 -315
-993 -830
259 -464
-966 -139
325 -682
830 -744
265 -616
-188 117
-727 -313
567 -659
-560 -952
77 -355
-951 502
-643 -711
-503 932
857 984
-305 -219
-101 -591
-342 -439
-83 377
836 -840
-346 491
-581 439
-160 630
499 330
972 430
-556 -296
-407 -799
-579 -445
385 -162
-444 969
-271 806
664 -704
52 -850
372 -316
539 -914
362 455
-185 -676
385 706
-263 -653
-809 140
-46 -481
-587 473
685 580
639 -721
-411 -858
449 -125
945 -266
-486 373
-125 -700
-883 -303
-939 844
853 362
-553 716
-765 -735
-744 586
-994 -877
791 -495
-855 -173
186 -524
870 141
-515 226
-841 353
419 321
-60 434
330 -84
697 -262
438 145
-204 7
-459 -432
-956 252
448 -753
-738 316
759 -375
285 348
-20 31
341 1
-891 -222
265 -892
947 -256
-135 348
-1 149
-649 -626
-282 -411
255 178
726 -963
-581 104
113 472
313 -534
488 462
98 613
24 -107
494 721
918 -544
-557 -542
-593 -519
-207 9
238 124
939 -276
217 421
-506 494
-953 846
458 -422
989 813
562 796
268 1000
152 -388
797 -438
-115 -841
-32 -824
276 -428
-268 -42
148 447
582 710
-864 608
505 -78
46 350
-155 313
-199 -440
-136 -595
-438 600
691 343
796 429
425 16
599 730
-671 446
-290 -718
636 44
14 -55
-740 234
826 -675
-335 -907
-952 -332
747 -639
104 814
777 58
27 756
-494 508
-825 -974
508 151
-935 -870
-732 374
255 -391
66 818
622 257
998 -220
-890 234
793 -940
445 -589
736 650
-898 -969
584 -340
684 30
296 -573
-928 981
-303 473
248 270
860 538
179 793
372 -169
944 981
239 667
417 79
948 -634
28 -732
980 13
665 966
-539 350
-997 971
-110 -714
24 656
416 814
-317 349
374 -482
-823 237
-522 -415
-418 733
-961 -489
-526 -689
737 550
-174 128
836 153
163 -183
-544 850
-125 -131
233 -977
-699 443
-942 -682
-17 410
-126 -750
-473 -263
916 921
624 982
-783 685
641 696
257 114
-365 -502
721 -922
412 591
956 625
641 -867
772 114
-332 -801
-102 769
380 520
-749 -650
-599 813
-692 -216
451 385
916 572
-166 382
-820 620
604 541
-108 683
-255 -138
-111 -599
444 -779
-549 -661
