1 1000
458 551
-136 -439
934 816
-424 -347
329 296
-322 -757
-668 -497
409 -928
1000 -486
-924 -233
716 50
-635 645
931 -594
-434 -678
-124 -264
316 277
-946 235
929 132
485 -639
183 -466
169 827
615 316
534 330
-901 783
-117 -503
-97 -182
-115 -460
764 -703
324 -155
-300 599
986 2
-329 -203
399 953
-420 296
-536 -453
616 -855
478 -717
-695 710
-872 706
-533 690
17 -624
-139 -216
-262 -744
-252 -948
266 756
-318 597
890 -669
-255 -200
-265 -870
-186 -317
937 -989
-921 569
-383 -852
-910 815
298 249
336 680
187 -511
-749 -362
-143 -643
-340 -397
131 -733
118 -11
528 -756
-160 -784
302 277
-729 748
39 -916
-721 513
-627 -430
-646 792
647 354
-796 -522
818 193
733 -948
323 -994
93 -976
-140 560
33 574
-637 293
676 431
878 884
-72 212
-678 16
-826 94
268 444
-964 -178
920 0
-458 303
608 -725
-29 -694
-521 577
470 -116
310 -141
475 -632
861 -452
-1 -857
584 333
-223 -817
-938 -280
999 -312
768 -416
539 638
-876 -992
-153 736
956 832
307 515
912 -265
-511 -733
876 -315
-502 270
334 -23
-529 389
626 308
776 -725
284 -117
40 278
-698 757
-495 419
-529 -128
-759 -324
57 -281
-246 -971
-597 -516
775 -101
937 -526
-849 -603
274 760
-796 -727
-419 -58
-285 150
61 -878
-371 986
198 501
433 318
636 565
527 376
-283 -757
-254 558
-556 -309
702 241
4 319
353 594
-425 -110
304 609
430 487
-443 716
209 286
-723 439
93 -967
-341 -874
979 -225
-591 725
685 302
-348 -499
229 84
632 -286
94 450
116 816
-351 290
-383 765
-290 463
-80 -867
426 -905
-320 184
-269 -537
-823 836
-337 333
842 -816
162 957
901 -528
665 37
-804 935
-367 593
80 563
862 -204
689 -567
-38 572
-999 759
-485 168
234 -316
-293 -90
460 -679
142 88
776 131
897 494
-343 576
656 374
210 -972
114 369
-808 619
-758 -14
64 985
-944 347
338 -3
-975 -275
-707 -212
-208 -435
-456 346
274 -703
184 463
352 -22
281 364
103 -89
659 366
-165 962
914 -705
-142 146
-547 625
-763 671
882 712
72 -135
8 -914
-700 -269
728 724
-242 -10
-138 -937
234 -384
236 999
-288 473
772 -607
-98 -659
970 -600
-847 -172
-852 744
-230 983
752 937
375 239
-576 275
-43 283
-944 -662
-961 -777
940 -401
-729 75
154 625
781 -950
-811 -559
23 -526
714 -387
72 -503
-788 564
-138 695
192 -297
-303 588
139 708
-585 450
-171 -294
102 -806
-430 150
784 -70
144 407
957 -639
164 -945
31 958
-7 440
-827 -927
-443 -995
-327 -378
-6 -514
-217 -773
-898 -999
388 -115
-963 433
-95 413
-980 -960
-89 618
44 -294
-93 -465
743 -208
-719 428
-878 -762
-384 297
-695 404
-386 401
-970 -883
670 744
773 -825
153 -213
-560 982
657 875
367 -562
723 -191
-672 498
590 452
-611 722
335 -828
686 246
437 668
-453 22
608 182
976 710
965 -574
-857 902
834 -442
342 528
176 -452
658 387
18 -911
195 -674
691 -297
214 -65
393 -127
438 810
975 228
440 -424
-45 -334
-691 444
570 -571
-24 -146
253 -195
158 963
-782 859
-798 -267
146 727
-317 362
-920 -649
925 950
997 38
0 390
-508 -351
332 961
875 59
-824 788
561 -175
-484 -616
813 -728
-258 218
-727 450
-785 -121
-8 -292
911 847
167 -124
273 -566
-449 579
43 -966
-759 -473
259 808
936 -862
-675 707
-796 740
567 130
-330 -913
-274 -504
-232 415
689 -547
-613 689
-966 -63
-762 -375
24 -155
-179 -496
1 989
796 561
-734 -330
480 261
601 807
-730 226
-188 201
-911 605
597 -728
714 -89
772 -695
-14 909
-919 464
406 802
-303 678
358 986
851 -314
-367 73
611 -135
-847 -480
907 324
-573 -293
244 -212
-206 721
-896 264
-566 -117
-448 45
-659 136
540 201
383 -76
145 108
794 954
397 946
-155 -400
219 -757
-28 774
384 -497
-753 -967
-86 -141
-108 -916
-854 943
377 469
-547 -49
48 7
829 -597
320 529
-668 -533
-868 722
-531 532
-575 -142
652 158
-863 296
944 508
335 34
230 449
-439 33
-14 -346
-957 540
65 614
-507 529
-68 660
-874 825
386 -361
-620 187
-814 -355
346 953
735 -142
281 -332
-111 -317
837 -861
13 474
-79 -983
-902 396
-639 948
-560 -209
414 315
121 100
-921 -559
560 -438
-353 34
-338 -510
375 -631
-671 23
-604 -637
-209 -39
-992 898
717 861
595 -833
532 44
223 584
303 950
-440 -435
769 -204
783 128
554 -980
446 -266
146 454
739 892
-914 -47
244 728
542 -522
-582 -430
-337 -894
536 -639
101 65
-261 583
-106 806
691 363
786 -105
832 -336
460 -597
-982 394
839 970
-525 869
617 -122
-451 611
-121 890
433 -180
121 -532
108 -136
-797 9
384 -909
317 -26
-677 -611
-834 246
213 284
842 -449
387 377
630 53
899 -626
-624 -668
171 -846
-451 468
855 -793
-996 92
-38 238
626 -643
-558 -162
789 839
-94 191
41 -374
-659 39
857 -574
327 -978
291 -494
97 771
702 193
-109 580
8 -657
-204 -157
-252 72
627 -406
169 698
646 -259
452 660
50 246
-142 -315
-917 -174
-973 53
-134 646
-663 -959
-882 910
-717 -392
-585 124
53 318
314 -888
-556 -655
999 -926
-122 365
-64 694
717 -931
-207 366
-532 -210
-62 209
-162 -114
670 -100
547 -181
135 747
343 350
180 339
-382 793
136 488
632 384
404 -415
-777 804
836 785
-503 -784
-535 370
-31 -789
-685 -727
596 -93
-474 316
-447 -963
394 -244
317 -233
833 -153
-490 -196
-547 389
302 423
558 -151
14 -929
-460 324
-454 179
-843 -770
457 17
197 -55
352 417
-325 897
-300 236
312 699
-385 703
678 -402
-401 436
774 -630
-980 345
-757 684
114 611
837 745
45 -110
492 -122
26 907
925 -941
654 -119
-262 -777
-565 457
-474 -100
-23 -666
-774 12
-306 534
-985 -237
-693 -882
-979 792
972 429
789 702
-20 756
-227 58
-963 -341
62 811
-324 172
724 -133
-846 -674
-821 124
103 -257
361 -928
-139 730
614 116
-500 783
-44 -1000
49 -14
656 -32
673 852
-27 -66
-222 -732
-679 929
-202 -82
-812 995
-877 116
-667 193
-424 703
-711 -362
-470 -332
-985 928
-312 -756
-63 790
158 224
-952 -909
386 -778
933 562
300 988
-539 674
724 54
-795 -438
223 -516
-639 24
402 -423
-35 266
445 -913
-34 215
948 -931
868 -133
-325 299
-227 728
368 223
-872 -164
-621 322
734 -147
741 739
-929 370
-549 -543
677 320
-363 531
-582 -155
-825 -407
946 656
-916 -191
-833 275
226 -960
685 -895
328 425
754 -688
719 -306
629 -157
296 -28
777 924
-88 259
475 -347
-415 -266
351 -854
-352 -629
-437 -706
511 697
951 -127
-655 -682
100 -583
260 -930
-488 -353
-637 -802
989 702
872 475
428 -389
258 430
582 -38
510 524
675 -956
933 168
2 491
991 -677
896 -851
-330 -726
-233 -991
101 -134
-333 761
481 -11
-638 -189
-120 464
-392 -765
264 -13
-626 934
-542 -50
865 -510
-642 709
-272 390
573 741
-390 -702
54 -10
631 601
-651 812
149 193
586 331
-99 -603
-626 -825
-447 -950
574 420
604 713
510 592
36 582
-66 664
758 -764
75 562
-107 -516
637 -170
-857 -178
252 -692
41 313
-936 -125
635 576
-491 517
-173 11
942 -144
-395 449
787 885
980 836
956 401
-154 993
-880 133
-661 440
800 -908
155 -207
411 987
-935 783
-49 29
-937 427
759 -324
-614 730
-659 462
-904 329
-595 645
212 663
-123 57
-298 677
-335 556
571 -523
425 105
-442 629
-533 930
-100 -838
-707 21
942 -972
-398 758
917 53
270 670
-1000 276
-394 955
-987 -229
-673 -55
94 -780
945 62
27 712
866 457
-113 -274
583 -827
297 896
152 564
2 936
354 -872
691 747
-120 -322
-735 -667
-30 717
372 -360
-270 -724
-18 -834
214 -558
142 -25
-792 -106
125 857
956 253
-747 139
-619 -938
-372 475
873 -232
-859 -677
-895 910
929 245
-804 735
-949 47
637 -907
799 838
-216 297
460 126
-251 -920
982 -917
-459 699
913 -717
-934 -910
-406 771
-337 263
-261 -1
880 -708
388 555
-652 804
651 -506
219 924
-673 -564
663 975
949 -340
-230 821
303 355
-371 -992
957 469
-820 -849
437 -139
263 -544
250 997
393 101
-8 -589
-792 32
65 772
521 36
-160 -464
674 -678
714 58
852 290
-303 -443
888 538
-705 217
-215 373
-929 192
-287 -459
-114 10
704 470
804 -340
-911 885
-465 -77
492 -405
-341 770
-419 339
-80 883
-951 108
-707 413
800 401
520 -958
755 -906
238 -690
-33 -279
-69 611
-523 470
353 -97
9 -616
446 -327
772 190
577 -256
939 -231
528 658
-864 -603
-648 -87
-520 -784
467 849
-448 661
-270 778
489 -349
286 -64
-726 -297
186 -159
159 250
124 831
-699 -951
-829 -341
583 446
-653 927
-822 -146
313 -334
880 850
877 -53
-649 -610
366 -608
-677 -826
-780 79
-26 -776
-296 573
303 376
-533 49
223 715
582 250
316 376
643 769
-722 -28
-840 656
676 -294
796 192
13 -257
829 559
-380 838
-77 -775
501 -40
-392 -44
553 -526
-436 807
243 -510
-471 231
489 -614
366 426
266 548
355 -637
-601 -88
171 15
699 556
756 -274
-304 -536
91 -643
630 127
-103 -519
866 -227
-979 555
-455 -20
632 299
-125 315
-946 -990
742 370
161 -384
817 459
462 478
-923 952
-463 188
-510 844
102 -793
734 -905
-454 -499
-736 -861
-74 827
-746 -288
48 -652
961 370
646 -249
813 -19
-875 603
-553 -992
-982 -611
391 -570
-457 -881
-610 621
-936 -115
-164 -817
-318 -540
-858 823
712 -606
-581 -448
193 165
477 -254
672 -343
-282 -975
-178 -594
-945 -331
945 338
166 -666
-425 690
853 -899
-898 -13
-162 -540
-432 579
138 -559
779 -303
344 431
-466 864
-71 405
-965 488
-18 781
62 206
-393 -815
-183 -188
-160 -891
973 -753
-299 129
-635 -897
81 -365
598 97
928 437
-666 -884
-470 -997
-772 -53
523 843
-770 -93
175 -671
313 -212
-438 -113
-321 -593
-870 -408
866 -675
-916 -813
-594 730
741 170
-289 -696
-614 -729
-771 -309
-694 792
-998 -753
99 -950
734 85
846 67
-274 -828
-731 -727
916 -253
-507 -49
