721 952
-771 387
-22 -756
717 -683
169 -761
-481 -176
-32 212
559 501
-708 863
-647 804
-845 -822
-307 -623
201 129
954 -820
788 456
68 -793
-979 887
680 655
-229 843
-292 -503
-880 23
462 53
-207 780
-787 113
-844 -781
-490 182
-146 -673
274 813
-702 -927
500 94
-23 896
-872 -412
-103 121
609 -841
507 40
827 -491
991 724
-742 -842
123 -143
895 -840
-533 777
-539 -418
-869 284
244 186
813 397
-923 -578
-655 864
-845 -229
763 -536
-179 509
698 113
87 -76
759 -343
908 269
-947 914
83 969
-651 -636
-928 -331
538 587
241 822
135 -231
378 10
378 706
83 885
387 -669
-173 -159
-586 -327
-164 -885
778 -432
795 -912
-362 -519
563 -163
975 345
428 -567
-724 834
-723 38
226 479
-871 -953
906 374
79 260
-437 -560
114 227
426 716
732 -311
735 6
-324 -77
23 -360
-268 -446
658 50
280 191
-997 -639
178 -279
298 -504
-644 -44
-662 675
725 -292
-581 79
145 -783
-385 308
580 99
-210 514
-863 -130
-887 411
-579 -261
633 -438
945 17
-324 -820
-166 -957
366 -893
-360 -4
-71 -992
26 647
-490 490
620 806
948 790
661 -43
-825 397
486 316
-944 -946
979 762
-321 -756
-867 804
-410 25
-483 -583
-564 -221
-943 907
814 -37
193 299
-229 -776
-235 454
845 -191
830 874
-779 -322
398 -472
330 345
-578 -880
-692 884
-933 -512
-982 812
-634 -667
-213 371
1 782
320 349
-971 229
-572 -975
624 408
-631 -610
456 -772
-654 -438
672 963
473 -72
219 611
747 511
-573 21
993 707
547 -251
-323 300
-533 991
4 -126
681 -807
-359 -683
-224 12
365 355
770 512
198 145
579 -943
189 413
942 60
693 -314
692 929
269 160
-480 -393
-200 11
-2 -572
-736 -187
267 -562
55 566
-992 697
-155 -61
-767 738
-404 706
-665 -552
-414 934
-418 -927
-57 -462
685 179
519 680
312 -273
651 -247
905 -11
984 -690
-299 793
-337 782
786 504
269 187
-672 372
34 -719
424 38
309 -457
-907 78
701 680
130 -611
-20 -108
-444 72
-977 -343
371 -700
677 -641
686 97
-964 749
903 396
227 -698
-760 -123
820 -877
-414 155
-480 10
-838 790
-378 529
-484 -360
119 664
-492 -526
-877 477
-173 -417
-882 813
-274 -302
250 523
396 -859
828 -141
57 85
381 615
-409 -563
347 706
609 -821
-501 -748
-702 516
97 -442
-34 -919
-857 -473
973 -356
537 238
55 771
-910 710
-653 929
55 750
-81 -278
-948 -158
795 -834
-157 19
-166 533
883 -252
-884 -651
-372 -183
-884 -395
-968 -618
671 -502
-344 -114
-738 -192
-687 1
92 -30
493 891
-471 758
164 -878
-155 995
-675 897
-695 458
-741 -43
428 234
-223 -845
-493 672
-991 -30
-920 -621
-298 470
1000 815
-129 -980
523 -644
-419 -991
-418 -458
-446 -89
803 -106
812 -76
-337 446
569 866
359 -732
102 690
-487 -484
304 768
8 845
-649 -613
119 918
655 -189
-110 851
968 451
601 182
-538 109
185 839
589 -701
774 483
-975 58
255 785
288 -716
-492 -969
405 515
701 244
83 -40
-35 -960
776 -681
622 539
395 -570
-362 -570
-832 584
835 113
679 191
-958 -745
61 -168
877 -238
509 -896
-194 -135
-691 210
625 -100
798 -594
-18 422
-915 -410
998 695
103 940
-966 -452
-348 433
135 -763
967 -843
-814 24
-192 933
-500 855
-628 -609
582 -163
793 -208
-439 -300
-442 851
-597 57
484 786
465 243
-617 -201
190 651
-81 509
-985 618
-255 -868
-671 -136
302 -50
-469 -64
897 -84
513 818
267 -964
884 -402
-581 552
-543 -280
45 104
-910 -633
-31 34
-345 -385
842 -486
-468 -528
-592 950
707 -769
443 168
-645 900
934 956
239 934
-674 365
-522 884
161 -511
-431 -226
163 -441
-847 665
-966 -719
640 -801
959 714
186 -302
505 -137
903 272
-647 -795
-257 984
-211 166
-828 464
-41 -521
-201 -213
-791 -164
223 -239
755 923
-150 460
994 158
909 -270
-564 -204
720 -206
-521 -946
134 -477
-548 62
-274 946
-657 952
215 -546
-590 -908
-865 399
791 -665
-529 -866
-437 -168
-261 641
-429 -348
-110 -68
-419 973
-431 -466
-115 746
2 -59
711 -45
617 -486
-160 -571
820 -32
-687 617
-922 -622
55 -637
318 -122
645 -931
774 -407
770 451
-854 -424
93 -534
307 769
107 -222
976 746
-310 -362
-329 -178
-824 -309
-722 -31
-659 523
-214 603
483 -743
-742 388
-266 820
206 643
283 231
162 -443
337 -108
582 -603
869 244
391 -793
-398 -449
-516 247
-385 -327
-266 -620
-695 -539
468 959
-491 -547
354 212
762 399
783 -600
652 -408
997 -134
-123 616
288 -206
-514 -302
-394 119
-524 -963
785 798
565 620
-376 342
791 800
-311 -985
765 68
-743 -709
235 -484
114 -831
-843 404
-179 -834
57 507
-70 162
314 212
-259 689
-893 -535
-418 587
905 779
-796 810
-960 59
154 434
-259 -803
448 601
24 847
-941 532
529 -151
-240 -807
-693 -101
135 -806
-857 877
-528 -582
-643 -309
-604 -257
-937 -369
440 424
-781 531
-749 668
413 990
-432 -655
370 -258
-659 450
551 210
464 -214
-305 866
872 -699
809 85
800 120
646 552
-210 690
453 -659
-691 -727
-670 223
128 -802
847 229
176 988
-202 219
651 658
-788 -306
-235 243
-249 782
959 -198
243 359
155 134
876 -365
794 -690
733 730
949 -309
-900 265
-787 -294
71 177
15 849
-53 -511
377 -165
-185 -69
-235 -57
337 790
-255 596
480 -600
-746 856
334 130
225 -533
-172 -608
240 634
-332 190
169 -616
286 -73
66 -842
-701 777
-138 767
-193 -397
825 808
-245 378
936 879
-234 -949
778 641
-354 -656
131 892
547 885
232 592
-305 -272
660 -586
-355 479
-100 370
-758 -951
-584 -428
974 34
-645 -506
-995 788
245 -537
-221 584
381 -751
986 -615
953 -985
994 958
-722 -472
444 606
831 641
487 95
-227 -496
974 -869
370 966
-635 -135
94 85
-912 -473
-718 -973
656 -353
860 -754
485 441
294 768
673 -39
551 109
-741 -799
-382 149
-872 -763
-244 -618
-95 670
-20 -692
119 -678
273 -168
24 520
-133 -763
294 -525
-446 -600
-597 593
928 -318
18 -665
-993 656
624 -814
-498 79
-918 561
-35 425
-170 501
758 541
-227 -286
37 25
449 90
94 -893
105 967
-219 579
955 -63
286 -778
-298 -1
969 449
-901 856
142 314
-287 -43
-644 -651
-183 -616
809 897
746 63
708 -210
-398 130
-238 512
879 -461
313 325
971 -11
698 947
410 -145
728 234
-703 853
-336 548
-558 -386
-665 -373
941 287
534 -917
434 -825
388 -995
-767 72
33 -982
39 580
453 209
-136 863
-768 -187
689 -184
-190 792
-279 102
-206 -696
-566 -414
47 814
33 -743
-328 -785
-657 -825
453 -79
-938 872
407 -418
-72 -295
-475 -193
-895 450
-53 -390
634 162
-613 322
-424 -914
243 -335
-550 919
-59 660
240 786
-49 355
-815 724
-545 548
149 -479
523 -867
544 712
-382 514
-494 -433
-561 912
-983 321
-419 814
-138 414
-200 533
-70 631
449 464
689 763
-521 368
-577 -587
-105 -250
-855 -215
119 319
-113 11
-811 566
369 -807
576 -803
-305 -505
-308 363
219 174
735 -858
122 -735
118 -40
587 946
-114 779
-830 -316
-2 -427
973 174
548 262
-793 452
-357 169
349 17
99 224
926 -431
-535 -110
20 279
-101 -750
789 503
689 -726
-941 579
807 249
-278 -968
-745 917
-809 -157
-322 -249
838 -598
-948 781
-398 -957
139 -107
487 133
742 644
989 408
568 401
365 -323
98 475
-75 959
-179 506
-625 -350
664 38
-334 217
-892 -929
-37 476
818 775
789 444
-65 -874
-879 644
787 524
753 -103
-275 -57
-612 742
293 -940
-324 -5
-446 443
149 359
-766 690
-745 -649
-621 -839
106 939
-177 645
129 251
489 -945
-75 -925
290 715
29 620
-225 205
224 -647
-354 -354
-150 355
-574 213
-880 -740
-46 207
555 416
573 -210
610 920
-90 -476
-387 993
149 -199
696 -445
-394 -125
-376 -47
-380 -913
-950 -492
-410 587
-827 -977
604 -601
730 -774
-189 331
751 -999
-41 -815
614 -462
579 -592
-726 703
-977 -351
-516 236
-817 357
971 -840
306 -583
617 -277
-140 -963
404 843
-551 102
-653 -899
8 -850
667 -356
-640 -284
-366 819
-593 591
-337 -973
-154 611
199 11
-311 -33
611 -458
-893 -204
181 -910
-880 -892
678 150
988 -166
-753 -847
658 185
-536 34
-314 -202
-369 -20
182 -523
-643 -428
-206 -927
-502 -913
-810 223
-147 -238
-56 664
336 591
-919 236
-742 369
349 -311
735 -311
-298 -94
451 613
795 297
-851 -950
-230 -750
410 370
-959 62
122 57
626 -994
-300 171
-556 -929
-985 -163
43 -863
-306 -22
356 -267
645 -393
411 -954
-266 10
-961 -327
-692 281
104 -275
-681 882
930 125
-957 841
-556 -34
-381 955
220 -286
671 -226
-730 -341
-688 -222
-872 -873
-559 169
669 284
506 899
86 617
-278 -553
139 702
-882 -136
444 -784
479 218
183 -231
59 -627
-998 -98
-185 -420
-124 -967
-960 -202
-631 -448
257 846
-49 -56
762 -866
-588 -529
-600 -408
1000 255
-372 279
516 491
244 -842
-45 -355
193 -346
575 997
-731 -839
-879 965
270 470
-620 -407
-770 864
-926 398
-41 908
669 -231
970 -587
945 698
-264 -633
128 321
357 867
980 447
823 -954
-896 583
755 276
-153 -514
-159 -607
967 -803
-666 588
234 327
-692 -858
532 -348
285 -388
-276 -754
625 459
-607 265
-129 -503
189 412
-158 -28
370 -625
741 -840
-981 117
-754 -496
-32 375
-165 -859
774 -385
-881 -89
-424 -477
-625 586
-35 405
-661 363
-125 -76
-972 461
552 476
-295 337
-407 716
-55 612
-950 164
77 120
222 573
-276 155
-319 -197
-575 -712
983 -70
-466 190
581 -475
-731 -365
694 -940
148 436
-521 516
-481 -700
661 -417
-239 84
-622 487
-125 -892
377 907
411 137
149 927
579 -862
-629 521
-242 116
-229 535
689 -315
861 548
353 131
50 -184
470 986
-608 477
-349 629
-82 -430
-885 772
-327 -692
-986 -930
-498 -7
96 -706
-197 585
-365 37
-809 -418
-134 -92
-741 -650
671 272
-1000 -104
-704 -131
-886 -740
860 -390
477 -553
-387 583
562 -59
662 484
-209 816
-244 -279
157 -694
879 -54
-565 415
827 398
-147 557
643 -539
268 683
418 -66
-860 683
135 -326
885 -310
-849 428
563 -545
458 -522
469 -517
789 -203
-580 156
424 825
276 -628
-895 -346
-383 -183
797 615
-347 -860
686 -762
-857 -202
189 -177
827 -326
-133 -223
630 679
29 735
693 924
167 -770
932 -958
-751 -63
16 -708
997 -358
778 -991
-988 910
-256 660
735 -62
851 -583
-101 -56
892 688
-404 -845
675 61
526 558
-783 689
-136 -175
230 -182
897 501
739 -208
-562 883
-844 490
-820 -811
-706 71
-56 877
-55 -16
-953 -936
-643 665
-721 940
-529 -424
367 -776
-826 -154
-282 467
-587 158
-778 -918
919 -654
447 -357
-986 -80
-48 572
-952 679
-917 -748
-195 8
575 876
-892 662
-183 -493
566 582
-763 -55
227 15
529 -666
-343 -8
19 57
515 -241
699 -863
-519 69
-436 690
-246 -811
185 -320
-716 -610
353 -77
342 -311
543 757
756 439
-244 14
691 241
-180 792
711 254
-141 887
-337 812
493 -327
967 -821
-529 602
940 583
738 179
990 170
726 -470
-178 -293
188 438
-980 495
563 -831
-860 -352
659 20
-525 828
-683 612
451 156
-131 -772
731 -733
-847 -931
-448 -242
-870 -171
-357 60
-50 431
551 856
543 -592
-789 -178
-674 -59
521 688
-725 -888
-332 -8
365 871
543 254
-138 -914
-297 -886
-376 813
502 506
65 920
-546 -922
-673 937
-657 772
639 17
400 908
-453 368
-48 122
-760 540
635 554
-946 906
-339 -171
-356 4
-88 119
543 452
696 -668
-672 77
435 -701
534 628
89 -175
992 715
745 579
40 -968
-685 689
-582 848
-823 -983
876 -322
-533 -741
-655 798
726 65
983 4
286 260
533 -840
168 190
391 852
111 -507
-320 167
-671 -162
-241 835
360 916
-424 302
971 -266
-847 -367
63 -636
-178 -464
894 443
419 910
-652 533
-850 -822
643 521
157 -456
336 -315
-152 -87
753 870
388 182
-767 145
306 -55
-246 -156
-366 -918
-712 -278
731 454
449 787
-492 926
530 249
-214 -974
-179 701
-866 117
92 232
793 -540
735 -410
-903 -589
-395 29
243 347
-150 230
-103 -648
530 96
-806 -450
133 116
718 -634
182 -499
358 664
806 269
-837 -261
215 449
45 614
-275 405
-519 -647
25 949
736 750
-440 -567
405 485
889 -117
-303 314
-765 -269
102 -995
-82 -446
-621 -116
-273 22
861 -358
-783 828
-365 -732
-983 445
-830 523
915 -139
-680 593
893 966
896 975
-418 216
622 -30
721 480
80 -987
198 -36
385 -846
554 65
-717 -882
428 396
-290 97
-232 -364
633 203
578 710
-72 46
-373 716
156 267
-896 -720
682 306
-524 -983
514 495
-447 -560
963 819
225 788
-27 217
-205 224
349 -75
-630 140
911 -641
-610 -331
815 -699
686 -668
-769 -871
-195 157
-147 135
405 789
446 -198
-232 -740
-218 -556
811 1000
591 -383
-569 123
739 -365
-597 805
-31 -621
-453 -893
-719 905
325 -258
867 264
-86 -864
861 8
-773 40
-420 434
-683 811
887 -992
-406 -61
133 -945
184 -412
-39 -575
-170 -88
500 1
-555 239
-4 673
629 536
645 -279
-878 -105
240 122
-194 497
400 878
-82 141
9 109
-464 982
-700 654
893 -149
-391 41
-264 2
-515 501
455 -262
218 -589
983 565
-169 16
-172 -586
683 530
188 -465
825 -155
-101 -454
895 531
-359 -639
759 -177
292 273
691 -544
934 47
754 -830
382 -168
423 -823
820 -491
131 752
865 725
933 948
574 -577
568 515
762 -741
-138 841
-135 -149
-734 -674
-553 -283
460 -9
948 685
526 563
-882 -828
248 136
556 771
884 -228
-411 -603
262 -180
495 -104
-489 388
-194 -915
999 911
-500 32
101 -786
-153 -621
34 85
-991 417
-518 -850
925 -491
-830 -110
-680 940
-975 843
693 466
-906 -992
-408 621
877 -920
759 -668
139 468
-757 -201
-539 83
-423 -113
-358 295
-180 -84
-672 -851
-385 -128
-565 419
-850 803
-766 825
-870 60
-408 424
279 555
959 -48
611 -848
-867 796
-155 648
682 -953
-534 132
962 806
-118 200
-156 240
-486 479
196 -354
845 -220
-697 -592
642 -394
494 983
-287 -139
-437 52
-80 147
250 -195
102 -165
769 -4
999 601
-453 723
995 -475
348 733
653 -211
56 590
728 -988
351 910
507 479
-34 -716
620 685
-390 -787
-771 -164
-752 -49
912 -555
-765 433
327 951
-116 -659
-752 856
-903 -31
554 -479
77 -430
-5 -597
785 694
790 -216
820 652
-471 -66
-394 819
-161 -300
4 455
-234 499
-973 184
55 275
818 884
77 -36
-919 -816
6 488
-192 -124
-864 685
441 -1
-148 -961
-681 -109
359 -612
939 815
210 -875
780 273
526 309
57 -692
8 584
-676 -556
348 50
-491 -638
-871 -394
528 -81
46 533
370 423
-882 61
-500 -477
110 -159
752 57
731 85
-31 504
-852 680
86 613
51 744
814 -184
-402 881
-882 -638
-191 -770
182 528
-261 -107
794 -324
-504 353
-431 -67
-504 -842
131 881
170 503
176 699
-656 -652
-357 -572
8 -475
491 445
-250 141
-320 -74
60 -881
-795 -375
-331 648
-876 -796
427 365
737 604
-515 944
549 -522
-302 -961
-876 -765
602 -961
-789 -155
-36 814
-158 365
893 273
-717 23
-859 306
212 574
28 -234
-554 -620
503 -812
315 456
950 -146
659 720
431 889
408 -301
514 650
749 295
792 442
689 -545
-229 21
201 -122
-184 -877
678 252
109 -126
-334 -623
490 719
-340 -505
-248 -113
771 243
1 -956
-378 958
220 -165
769 -8
23 159
-322 -140
947 304
-480 594
-941 -157
-171 574
-397 -414
738 210
-824 -409
242 483
222 667
-519 -548
-686 -791
-143 -7
-771 -856
445 -773
873 -372
-383 -232
-719 -663
-827 901
137 641
-323 41
-429 -924
161 -531
-192 927
-19 -779
-169 615
971 -401
104 730
-210 428
632 546
32 302
935 690
864 -303
-4 19
23 -758
-678 -892
-188 -806
-20 -331
325 840
424 292
641 239
516 740
421 -243
236 -591
846 182
351 -902
88 -420
924 -640
876 -569
396 -342
-720 -658
-684 55
69 -572
466 -23
234 918
724 -391
-86 207
290 -943
-336 957
695 -406
-649 -968
-290 -687
402 264
-927 620
968 -208
706 259
-841 -527
949 -934
-731 -672
-282 969
454 313
759 -727
958 173
104 568
-469 208
-480 115
-541 -869
-79 -626
758 458
458 -773
-550 907
918 -944
624 693
983 476
-200 204
256 -162
-53 866
-141 138
-70 213
499 456
-863 -318
-623 102
-960 -614
-719 264
-384 -459
112 181
-941 -470
701 -905
-286 458
-947 225
-448 -63
903 614
550 -83
91 740
-295 209
190 -751
-183 913
816 -441
-942 -551
-446 -859
-328 553
556 717
-461 558
-260 474
-615 -890
41 -875
626 252
287 -566
59 459
220 -260
35 -6
-613 25
547 -2
-510 112
-417 139
487 526
306 208
630 -771
-701 -487
-521 -942
-102 -845
-570 -689
481 -324
235 965
-695 113
862 564
-224 -257
290 -838
-947 -190
