488 461
232 -232
314 -605
-121 -40
870 -163
750 711
-467 -658
-823 -364
-93 289
-508 -387
-928 -246
698 33
760 -839
-29 934
307 -504
-762 -507
693 772
420 272
-557 251
1 505
149 628
-460 798
829 619
488 967
960 -910
320 -218
610 648
-38 -751
-760 370
184 -789
222 579
-728 242
151 -254
-376 -763
819 -320
-873 -803
217 -81
99 524
-993 271
-8 450
-994 88
856 824
802 983
-626 170
-545 -125
-253 -690
-516 142
-549 -815
-513 -533
-4 -5
859 -42
256 437
-854 411
256 467
562 831
-834 607
39 76
56 -127
703 -874
-745 526
777 372
247 471
339 -479
-801 155
112 -197
407 -389
685 647
557 -664
984 -550
3 -818
-729 -415
408 247
489 -401
815 -112
42 -206
-9 -837
504 -299
804 -789
-208 639
-643 -253
-805 -702
164 138
532 -589
199 622
-267 891
348 991
282 526
-613 -783
253 -8
-358 217
-682 -51
-208 373
844 -517
-49 192
-760 -512
-333 -702
-402 -28
-611 744
-778 -233
-325 -430
975 -403
858 980
-168 525
500 -833
-867 152
-674 -281
-249 -190
372 863
-534 -721
-597 747
389 80
170 -103
414 -411
-184 530
463 -555
935 -697
634 38
802 -456
693 -662
581 329
-814 400
134 -875
154 677
814 -399
580 -427
757 785
143 254
34 966
151 -937
798 827
89 -377
648 921
-525 19
51 -601
-487 559
-576 19
213 69
385 -888
-243 43
-629 -515
-130 -207
-407 995
-485 -432
649 558
-202 481
182 -399
-504 -101
979 -494
543 -355
548 849
-162 -812
-729 -24
995 511
575 61
629 -962
722 -149
580 340
312 937
-570 574
-375 487
172 793
576 -813
728 -750
-957 -818
-469 537
475 279
-397 325
931 -50
-388 -30
598 -891
-57 879
57 -994
-784 81
42 701
907 -199
-548 833
137 -307
575 593
-678 723
-543 695
613 178
154 593
482 -330
450 -629
548 -918
-282 -592
-947 498
858 -782
922 130
-241 -978
-348 -262
-505 647
100 599
-191 84
-280 888
4 -553
766 794
-144 480
-283 113
411 -164
-428 -930
427 925
105 -18
295 372
-42 916
-918 459
-201 773
538 -477
-70 243
-533 609
-421 -528
643 -194
459 -591
-574 -242
502 970
-480 -527
682 415
129 -295
48 181
-407 91
777 -848
-421 -394
-733 144
-710 -80
1 107
368 -627
784 -700
-29 -598
842 917
-314 -150
62 655
626 -43
-488 -829
505 -607
-460 -314
-532 438
-983 -966
133 182
83 731
-182 115
34 -843
-737 406
407 167
-609 -761
988 101
696 604
448 -386
-874 -126
-88 -456
736 382
147 -26
-554 304
-388 -356
769 -802
192 37
-810 198
864 -315
-719 319
753 70
418 590
-628 842
-286 -291
167 -815
-414 951
170 -753
936 278
-395 512
-529 -847
-285 673
-127 -207
12 -424
330 -285
209 -858
139 -679
-838 204
116 969
-194 891
403 -565
677 163
66 326
-830 764
-347 513
-19 239
-79 -478
-759 343
-220 -171
106 754
-155 -226
-797 -36
-903 -148
-518 215
146 263
327 -4
-670 199
941 -95
-376 -103
-386 -551
379 -958
782 -562
225 -476
734 446
-123 -215
48 -365
96 275
15 -963
132 -888
200 933
235 554
-509 -717
-124 -897
42 -921
-382 750
-813 -484
791 445
219 -341
-825 -488
-954 243
144 641
-541 -170
988 366
-235 974
-692 -6
483 -588
723 559
-317 38
341 -366
-733 -592
-376 -261
26 -282
-394 809
-862 -497
-273 509
406 -966
592 -630
-292 -450
134 930
251 335
669 -984
944 -128
-659 876
298 -573
-376 327
-379 8
383 530
-761 -478
-364 815
-605 554
511 428
-168 215
413 101
-618 -660
328 -896
372 -552
-63 853
-775 678
86 676
485 123
-286 -487
209 39
-598 -279
-505 -797
160 -698
217 929
988 509
657 919
-549 -311
-802 912
929 -374
320 -303
-183 -649
-510 883
892 -300
-576 624
111 264
-185 -976
545 -139
-300 -927
318 -198
210 -504
242 223
95 259
338 340
-234 890
689 937
-589 -943
-253 796
622 108
678 -292
-52 931
477 291
944 66
-162 307
-34 -501
-166 -39
-426 -778
-888 -883
902 35
611 717
804 -60
-158 978
665 -19
217 936
220 308
722 -440
75 -152
-123 -980
959 -346
-535 397
-241 10
867 36
585 421
-744 588
-240 870
402 898
-687 -645
-235 557
804 -916
-50 -235
25 -460
-949 -970
492 -688
-65 85
-300 -313
-307 195
472 667
-513 285
-401 -469
-564 -711
-635 -301
-600 647
564 -888
547 -20
-464 429
842 146
94 426
25 116
588 -549
-356 197
429 -167
401 -893
-721 -690
-433 895
208 -986
947 290
-599 -532
-99 296
-853 459
995 -1
-461 76
-508 792
-60 315
626 -646
217 333
-986 930
-319 -152
949 547
-1000 784
-903 -473
781 -345
659 545
-577 187
-303 988
-79 -417
220 -115
402 513
-970 -192
315 957
685 17
121 377
468 683
-425 -989
566 817
156 580
-794 -254
-25 -396
-825 473
225 -967
53 -835
-988 -209
-53 416
606 826
416 -37
346 391
995 152
104 494
629 218
302 -79
622 -381
-649 -574
-207 178
-783 -841
428 425
615 38
-898 -790
924 -696
-128 525
417 -310
419 213
-74 386
-354 -42
-275 -106
-302 -88
-168 -392
642 100
-627 500
-485 505
512 566
-154 -820
-49 871
251 -324
-710 160
-440 606
-475 -741
-467 -330
-862 -563
507 587
-801 800
584 201
-818 299
794 620
59 123
-824 353
687 -728
432 -827
-417 -779
594 -545
-971 121
-33 -666
-529 -333
708 999
-344 -8
442 327
421 -158
-583 -61
-86 -509
256 -114
-284 -556
-995 -211
556 -199
-666 258
720 862
210 -778
-649 -991
578 -481
-391 477
-765 242
-940 -189
-742 -447
257 961
840 -951
118 -60
-10 -93
-842 -506
-336 264
-385 -372
-3 -229
-537 360
-770 -284
-225 -233
-434 770
270 523
298 -403
742 583
886 525
179 -275
869 -985
-981 715
-408 -55
-627 203
788 67
901 75
-489 245
452 -992
295 -752
-94 -291
449 -884
-121 910
361 435
-724 962
762 -961
-935 192
-828 179
-937 316
-688 -75
691 -388
-646 -211
582 990
487 -345
136 -907
-262 694
422 -886
109 -681
-893 251
-382 -975
-250 850
-182 632
273 -909
789 894
-19 242
226 559
85 243
-747 -634
958 535
995 159
-468 413
-137 660
-342 -257
469 548
769 767
316 -592
888 672
-491 390
-998 619
855 12
528 -702
774 802
-314 980
452 -855
836 574
-69 512
-401 -531
856 -182
858 319
-289 852
514 168
191 -529
-137 -626
132 950
195 -75
-68 -806
311 -630
-456 -522
846 -469
-99 72
584 -289
510 -902
754 513
-649 -383
558 -547
647 621
103 -305
-100 -111
-862 740
790 -889
-10 -978
144 -937
-484 -563
-419 156
857 -316
883 -420
-8 629
57 534
-179 -441
951 -890
-569 -949
617 -364
-520 -600
920 -262
957 715
243 557
390 -979
-359 -599
571 277
199 -937
270 -693
-917 -521
-491 434
752 -523
-933 -176
949 -965
-568 -26
-934 -123
739 -110
1 247
675 342
-992 130
812 -803
621 855
-781 484
772 871
-277 -580
-548 -666
90 -960
-267 -235
-350 -573
-168 457
-163 -175
-571 758
-119 291
365 980
962 981
800 520
266 -581
128 45
384 -695
63 933
619 392
-650 336
541 -147
804 -369
8 -693
-313 -337
725 311
71 94
292 738
-232 471
169 992
654 458
-630 -156
983 -305
-500 304
-582 -236
17 -368
35 -422
470 298
74 56
-452 -869
832 666
316 735
-753 168
-723 -948
-950 -615
-743 -967
-949 473
-562 533
-475 392
-523 423
743 795
-311 -146
989 -264
-98 -792
-412 182
981 745
-263 180
979 250
-949 694
733 -134
-208 -379
869 -605
-33 435
-765 821
-764 -402
-48 -989
-409 237
-651 840
-741 675
950 -126
-755 -56
424 152
309 -416
-382 -278
-351 -948
873 886
948 198
681 418
-405 508
-776 -311
771 -136
804 575
521 994
354 -792
-452 967
-309 319
-330 555
-523 131
-560 -525
-930 -775
-816 -259
-38 687
-774 818
-633 354
610 -135
125 -73
220 705
268 777
-247 885
441 -710
-864 785
-941 -493
-133 174
-317 -218
-463 348
-955 546
-893 503
-669 908
601 -914
72 666
-352 602
497 -672
-85 6
684 -637
-621 -529
-653 952
563 -801
-766 -880
-838 803
340 -60
247 310
-359 -961
267 885
-950 -404
-447 37
504 -979
161 -937
790 -832
80 673
-296 -785
-51 808
169 -633
856 814
-387 -337
-990 -708
98 -108
975 785
-548 14
3 -86
-228 -124
445 3
-546 431
-820 -983
399 307
-381 517
-973 282
-566 400
872 827
267 -697
677 401
771 525
-964 462
499 -633
-888 312
181 -736
630 825
635 -939
278 524
-12 -167
411 -105
627 532
798 401
56 502
895 -512
634 905
642 -476
-980 -246
1000 -589
-215 765
-375 -216
-72 -867
341 -355
-757 227
947 -945
-378 844
493 -863
326 -612
757 611
-995 -17
-978 -143
878 -8
559 702
-222 493
744 100
34 -439
-210 -108
983 237
-945 961
-891 204
519 109
121 -184
700 -468
255 57
-965 -479
792 838
638 -323
856 13
-198 406
721 -243
-133 -439
-296 -800
951 -611
803 696
-730 236
-613 944
827 649
312 157
634 -974
-129 562
819 129
-424 -506
965 798
-350 -797
-896 696
-213 953
964 -809
817 324
589 398
-331 -272
993 161
655 -514
-360 -841
-162 -307
-314 140
-932 -85
-398 811
-703 716
743 -947
-814 498
187 853
-961 -34
798 612
-5 -666
-464 -999
-3 834
-892 -779
-72 167
246 534
-779 -598
-577 862
330 2
-108 215
-754 -627
977 -115
-45 -582
-34 911
555 596
130 72
-502 -100
452 524
137 -941
-715 861
-282 -9
379 840
-14 -820
441 -983
-866 976
-881 -773
-181 -641
-545 -28
699 663
286 -613
-872 -922
743 -927
5 900
-864 -90
542 -732
541 440
249 -234
-255 971
262 -142
-899 709
-39 -409
973 656
